"A" "B" "P" "BT"
"1" 0.763 0.765 0.797 0.751964344379584
"2" 0.696 0.663 0.695 0.672998169002077
"3" 0.365 0.417 0.412 0.417221174402475
"4" 0.198 0.214 0.222 0.243471834777331
"5" 0.764 0.734 0.769 0.708976152562669
"6" 0.001 0.003 0.005 0.00138951906928286
"7" 0.24 0.236 0.257 0.260370698616075
"8" 0.118 0.114 0.113 0.125102262152707
"9" 0.416 0.374 0.402 0.428856824849004
"10" 0.27 0.263 0.274 0.29083178478493
"11" 0.734 0.765 0.784 0.724573492103422
"12" 0.557 0.585 0.628 0.597463385327046
"13" 0.536 0.528 0.504 0.535875329717278
"14" 0.303 0.325 0.315 0.317365871028845
"15" 0.58 0.592 0.63 0.604043292221688
"16" 0.386 0.375 0.421 0.424498950069801
"17" 0.159 0.162 0.167 0.176604774722158
"18" 0.189 0.201 0.189 0.203035318942074
"19" 0.09 0.089 0.074 0.0917462055140603
"20" 0.477 0.491 0.494 0.494581972567377
"21" 0.686 0.74 0.742 0.700337849937782
"22" 0.548 0.535 0.546 0.564471697026386
"23" 0.427 0.424 0.442 0.459689525224174
"24" 0.25 0.239 0.27 0.279286695335325
"25" 0.239 0.243 0.229 0.255176405876203
"26" 0.252 0.273 0.295 0.29524437911163
"27" 0.25 0.257 0.247 0.262023663302606
"28" 0.446 0.516 0.471 0.498873275059586
"29" 0.482 0.44 0.471 0.485628345623021
"30" 0.617 0.623 0.63 0.620801131192012
"31" 0.925 0.897 0.935 0.849562317936517
"32" 0.933 0.932 0.961 0.881918360926036
"33" 0.526 0.563 0.586 0.559247856912849
"34" 0.532 0.566 0.565 0.572070695278897
"35" 0.732 0.72 0.737 0.68596920157854
"36" 0.063 0.059 0.051 0.0652187492805025
"37" 0.557 0.589 0.578 0.57505620119042
"38" 0.29 0.279 0.287 0.308512437698489
"39" 0.028 0.035 0.025 0.0309645182009337
"40" 0.889 0.886 0.922 0.834517280990737
"41" 0.883 0.913 0.924 0.85206919871997
"42" 0.14 0.126 0.136 0.138492987017243
"43" 0.436 0.444 0.397 0.447181684620779
"44" 0.232 0.226 0.245 0.259553006380625
"45" 0.599 0.602 0.624 0.606884619954278
"46" 0.74 0.742 0.77 0.728524990798539
"47" 0.748 0.726 0.784 0.728424228138086
"48" 0.144 0.172 0.152 0.178187275259418
"49" 0.208 0.191 0.207 0.225847614351019
"50" 0.631 0.624 0.651 0.621537407032272
"51" 0.589 0.591 0.592 0.59343790401347
"52" 0.87 0.872 0.903 0.829776025836616
"53" 0.639 0.663 0.693 0.647808180329542
"54" 0.566 0.535 0.547 0.542171044311744
"55" 0.363 0.351 0.348 0.380250176556171
"56" 0.144 0.162 0.151 0.158161412699659
"57" 0.417 0.445 0.398 0.463101301320869
"58" 0.631 0.651 0.659 0.634690423711364
"59" 0.898 0.905 0.929 0.858532925478427
"60" 0.695 0.69 0.711 0.690862493621108
"61" 0.939 0.95 0.951 0.901184695414169
"62" 0.729 0.752 0.763 0.717100827130102
"63" 0.893 0.886 0.908 0.840443996343279
"64" 0.831 0.825 0.86 0.791129369198333
"65" 0.491 0.486 0.493 0.51592848256057
"66" 0.235 0.259 0.253 0.271689483626884
"67" 0.849 0.871 0.872 0.808022108332338
"68" 0.372 0.394 0.402 0.428036050734502
"69" 0.653 0.686 0.675 0.664556588233143
"70" 0.436 0.431 0.482 0.465531408785582
"71" 0.319 0.317 0.34 0.348205908677467
"72" 0.858 0.857 0.894 0.834022227756406
"73" 0.948 0.969 0.969 0.896553819554114
"74" 0.502 0.509 0.525 0.534752569135587
"75" 0.341 0.345 0.341 0.357159033393667
"76" 0.102 0.091 0.1 0.108457415621322
"77" 0.41 0.42 0.424 0.437696269607842
"78" 0.975 0.97 0.979 0.923392379846795
"79" 0.171 0.173 0.194 0.199248453018508
"80" 0.695 0.626 0.678 0.6580333940868
"81" 0.007 0.004 0.006 0.00231176826837898
"82" 0.711 0.716 0.724 0.699382157951564
"83" 0.635 0.676 0.679 0.646235964500396
"84" 0.098 0.097 0.088 0.0990986094810935
"85" 0.455 0.493 0.499 0.493108481724823
"86" 0.009 0.011 0.008 0.00821796187863078
"87" 0.461 0.451 0.497 0.498570038199275
"88" 0.973 0.977 0.986 0.924727881529149
"89" 0.438 0.434 0.456 0.465076486182609
"90" 0.306 0.313 0.301 0.353272590048053
"91" 0.92 0.921 0.935 0.858352213104481
"92" 0.041 0.047 0.036 0.037820389780632
"93" 0.317 0.288 0.319 0.348938944620971
"94" 0.368 0.338 0.369 0.385083302368725
"95" 0.75 0.767 0.793 0.745223171737399
"96" 0.006 0.006 0.004 0.00247030599807652
"97" 0.393 0.392 0.398 0.432690693366909
"98" 0.489 0.531 0.515 0.521086072253895
"99" 0.328 0.292 0.294 0.328472454433559
"100" 0.336 0.334 0.356 0.369705040650516
"101" 0.362 0.371 0.358 0.399054003054537
"102" 0.338 0.331 0.335 0.366906771630729
"103" 0.456 0.479 0.494 0.512850435116938
"104" 0.714 0.717 0.773 0.709736505285625
"105" 0.856 0.847 0.877 0.811426385382429
"106" 0.714 0.717 0.722 0.701853491156814
"107" 0.143 0.124 0.123 0.145233244055982
"108" 0.935 0.937 0.968 0.878437302241488
"109" 0.471 0.482 0.51 0.509386474812887
"110" 0.113 0.077 0.119 0.109473798761013
"111" 0.923 0.902 0.937 0.866245914047806
"112" 0.467 0.453 0.459 0.480826986392395
"113" 0.608 0.607 0.652 0.622829252938831
"114" 0.282 0.272 0.287 0.317553223392427
"115" 0.194 0.203 0.185 0.213855505343004
"116" 0.803 0.797 0.827 0.770331483666985
"117" 0.998 0.995 1 0.964346261985071
"118" 0.172 0.155 0.172 0.166297071742311
"119" 0.181 0.171 0.181 0.20827260847639
"120" 0.209 0.219 0.208 0.221800135056783
"121" 0.749 0.745 0.775 0.720504121878064
"122" 0.634 0.652 0.644 0.635865368368712
"123" 0.152 0.152 0.161 0.160620112077148
"124" 0.122 0.117 0.108 0.134665497581065
"125" 0.812 0.813 0.787 0.77075604576235
"126" 0.386 0.353 0.406 0.411914536282753
"127" 0.13 0.11 0.113 0.132592127653746
"128" 0.698 0.698 0.724 0.683660234868515
"129" 0.113 0.154 0.14 0.155182892798613
"130" 0.088 0.09 0.087 0.091646745202755
"131" 0.135 0.143 0.144 0.142510959872783
"132" 0.389 0.401 0.423 0.425310929082536
"133" 0.307 0.307 0.34 0.348640764460349
"134" 0.188 0.2 0.19 0.20027711786796
"135" 0.921 0.916 0.934 0.861663955850352
"136" 0.455 0.477 0.493 0.492093342184471
"137" 0.983 0.973 0.986 0.934261025700269
"138" 0.942 0.955 0.969 0.877087760700801
"139" 0.983 0.972 0.986 0.919844989604712
"140" 0.372 0.346 0.394 0.397352488356287
"141" 0.306 0.333 0.316 0.343710043673839
"142" 0.585 0.623 0.6 0.601838852306066
"143" 0.631 0.634 0.653 0.634570194435492
"144" 0.923 0.93 0.963 0.876222144378522
"145" 0.806 0.813 0.841 0.785943374694639
"146" 0.265 0.253 0.248 0.291018658525421
"147" 0.992 0.995 0.998 0.960334047809818
"148" 0.771 0.767 0.793 0.747404896320944
"149" 0.036 0.032 0.043 0.0337975794859071
"150" 0.948 0.955 0.971 0.90906107423202
"151" 0.746 0.756 0.78 0.740755507988219
"152" 0.615 0.623 0.642 0.625584485978052
"153" 0.385 0.393 0.362 0.400766264918863
"154" 0.946 0.95 0.965 0.901769299025573
"155" 0.869 0.879 0.879 0.824492108222939
"156" 0.687 0.681 0.701 0.673077496319981
"157" 0.499 0.518 0.518 0.543355069531455
"158" 0.181 0.187 0.185 0.194719691443681
"159" 0.956 0.957 0.965 0.902552525337206
"160" 0.715 0.702 0.704 0.676999712543565
"161" 0.645 0.67 0.674 0.650167684544307
"162" 0.253 0.285 0.289 0.294021618383974
"163" 0.77 0.734 0.767 0.736598832477512
"164" 0.097 0.078 0.074 0.0935959309782545
"165" 0.655 0.653 0.664 0.66164448972424
"166" 0.607 0.603 0.597 0.598082240162508
"167" 0.976 0.974 0.972 0.908895377789669
"168" 0.062 0.058 0.057 0.0523537983598613
"169" 0.522 0.48 0.548 0.537299421432236
"170" 0.306 0.303 0.28 0.315552014051747
"171" 0.091 0.087 0.083 0.0946793554764408
"172" 0.232 0.22 0.23 0.251770619119151
"173" 0.216 0.209 0.214 0.242134932730633
"174" 0.523 0.54 0.569 0.555388698100749
"175" 0.668 0.637 0.661 0.651280397649043
"176" 0.381 0.387 0.37 0.402843691344138
"177" 0.531 0.541 0.55 0.559783139631134
"178" 0.34 0.354 0.349 0.3788899573055
"179" 0.563 0.558 0.59 0.57074061027642
"180" 0.127 0.138 0.146 0.147262383463186
"181" 0.751 0.779 0.768 0.733410146686566
"182" 0.746 0.753 0.761 0.717775516962556
"183" 0.014 0.019 0.011 0.0126898489970579
"184" 0.063 0.054 0.052 0.0529830293383637
"185" 0.447 0.461 0.495 0.479115760484919
"186" 0.468 0.46 0.465 0.46978453826084
"187" 0.147 0.166 0.168 0.184934452938348
"188" 0.165 0.152 0.154 0.166383901837477
"189" 0.313 0.32 0.305 0.329394505521587
"190" 0.179 0.166 0.16 0.190481087453607
"191" 0.048 0.047 0.051 0.0419676272055108
"192" 0.981 0.976 0.985 0.93883004557178
"193" 0.38 0.407 0.418 0.430583551287081
"194" 0.062 0.074 0.05 0.0586004529269348
"195" 0.827 0.826 0.866 0.79295716776431
"196" 0.785 0.773 0.815 0.749286468088339
"197" 0.529 0.505 0.549 0.546611149518717
"198" 0.085 0.084 0.074 0.0723290834700459
"199" 0.981 0.986 0.995 0.950043059710165
"200" 0.454 0.481 0.495 0.502726889957465
"201" 0.914 0.936 0.929 0.867113737119169
"202" 0.501 0.551 0.477 0.521696561673611
"203" 0.057 0.056 0.035 0.0613608344713007
"204" 0.23 0.237 0.224 0.246503090423065
"205" 0.186 0.173 0.173 0.190273208264215
"206" 0.429 0.425 0.425 0.452578206266381
"207" 0.773 0.801 0.802 0.741364384922653
"208" 0.726 0.704 0.729 0.702602234987057
"209" 0.696 0.711 0.725 0.696759059162683
"210" 0.246 0.206 0.219 0.241662227207249
"211" 0.455 0.421 0.44 0.475793637773049
"212" 0.246 0.265 0.272 0.28736200845605
"213" 0.692 0.692 0.714 0.688300212705046
"214" 0.521 0.531 0.524 0.532738128766504
"215" 0.681 0.753 0.754 0.712646588425225
"216" 0.336 0.342 0.363 0.370205934369036
"217" 0.34 0.342 0.383 0.383771889036425
"218" 0.03 0.029 0.041 0.0265423158587947
"219" 0.297 0.31 0.335 0.352943836507941
"220" 0.001 0.002 0.002 0.0010412034838716
"221" 0.434 0.443 0.443 0.456297370433892
"222" 0.736 0.723 0.769 0.703962848306793
"223" 0.578 0.595 0.599 0.588940089788885
"224" 0.858 0.835 0.873 0.790644313052459
"225" 0.034 0.027 0.02 0.0235715239673465
"226" 0.805 0.816 0.829 0.776620350295958
"227" 0.4 0.391 0.402 0.41244961285239
"228" 0.236 0.244 0.251 0.258309622092262
"229" 0.913 0.909 0.921 0.85049238696458
"230" 0.216 0.236 0.23 0.266604087484819
"231" 0.239 0.252 0.256 0.281171250332198
"232" 0.703 0.657 0.713 0.672512756197394
"233" 0.735 0.727 0.743 0.720185490038017
"234" 0.95 0.951 0.956 0.891098304461333
"235" 0.533 0.522 0.499 0.531846594817455
"236" 0.893 0.873 0.905 0.8378587208662
"237" 0.415 0.409 0.422 0.455123565410736
"238" 0.699 0.684 0.728 0.700049574186964
"239" 0.21 0.212 0.252 0.26041545270665
"240" 0.687 0.703 0.715 0.691602862827675
"241" 0.259 0.298 0.279 0.312880818100947
"242" 0.53 0.54 0.542 0.556609026847485
"243" 0.033 0.032 0.025 0.026439554496526
"244" 0.596 0.584 0.63 0.606860589153239
"245" 0.421 0.4 0.386 0.421451433509286
"246" 0.389 0.407 0.384 0.410831893539415
"247" 0.01 0.009 0.005 0.0070664020709853
"248" 0.019 0.022 0.015 0.0151797896611741
"249" 0.561 0.527 0.564 0.56148514156516
"250" 0.304 0.302 0.29 0.337439486520938
"251" 0.782 0.797 0.818 0.771399759379155
"252" 0.88 0.874 0.884 0.819378509138767
"253" 0.726 0.729 0.735 0.711620805219058
"254" 0.619 0.589 0.597 0.594387510513883
"255" 0.923 0.914 0.947 0.86213823386093
"256" 0.171 0.19 0.151 0.185691330604333
"257" 0.237 0.226 0.236 0.254077950445468
"258" 0.347 0.379 0.376 0.398813281678463
"259" 0.384 0.372 0.381 0.411074082027649
"260" 0.531 0.528 0.527 0.544646216010274
"261" 0.448 0.45 0.456 0.459158514884383
"262" 0.477 0.446 0.467 0.494602766294753
"263" 0.531 0.502 0.528 0.527747991923035
"264" 0.869 0.896 0.902 0.825071457571594
"265" 0.109 0.089 0.102 0.108046983147892
"266" 0.396 0.378 0.415 0.413436853327692
"267" 0.14 0.131 0.136 0.149391663144673
"268" 0.971 0.961 0.976 0.908004350222846
"269" 0.743 0.754 0.772 0.716245229602403
"270" 0.186 0.225 0.221 0.226356004623718
"271" 0.141 0.134 0.149 0.147349270098068
"272" 0.859 0.879 0.902 0.830394889785976
"273" 0.223 0.197 0.231 0.26015583448518
"274" 0.627 0.638 0.616 0.615944812261734
"275" 0.996 1 0.997 0.966210220496679
"276" 0.597 0.607 0.608 0.606984744475546
"277" 0.938 0.943 0.958 0.895610950051031
"278" 0.83 0.811 0.866 0.789587469812356
"279" 0.864 0.865 0.879 0.813866083550066
"280" 0.628 0.637 0.692 0.642824394282539
"281" 0.399 0.407 0.421 0.441647270123021
"282" 0.561 0.554 0.563 0.559460931413238
"283" 0.085 0.1 0.111 0.11330468080344
"284" 0.264 0.263 0.31 0.311106013926236
"285" 0.569 0.581 0.583 0.585202163423186
"286" 0.487 0.535 0.527 0.527699594007211
"287" 0.046 0.043 0.034 0.0356855152308111
"288" 0.579 0.586 0.622 0.597659008329211
"289" 0.639 0.62 0.649 0.627546566097384
"290" 0.8 0.81 0.816 0.759685079233994
"291" 0.506 0.485 0.499 0.518947856455717
"292" 0.411 0.426 0.448 0.452542457508634
"293" 0.22 0.245 0.239 0.249434256253648
"294" 0.819 0.813 0.889 0.796776991179884
"295" 0.369 0.347 0.39 0.391690031247164
"296" 0.093 0.09 0.077 0.0896084805976777
"297" 0.929 0.932 0.948 0.863316594143724
"298" 0.709 0.715 0.72 0.70240160586481
"299" 0.588 0.555 0.597 0.576849416456421
"300" 0.528 0.541 0.528 0.54929710035855
"301" 0.186 0.211 0.184 0.204814485819812
"302" 0.969 0.945 0.967 0.895045780034213
"303" 0.381 0.39 0.385 0.419761178065265
"304" 0.616 0.613 0.653 0.620524627061017
"305" 0.884 0.885 0.917 0.845000304580499
"306" 0.144 0.149 0.138 0.171098544450002
"307" 0.292 0.282 0.301 0.30665525353831
"308" 0.356 0.374 0.39 0.412898066477032
"309" 0.787 0.777 0.84 0.770062472758598
"310" 0.813 0.805 0.829 0.773609017828616
"311" 0.182 0.166 0.163 0.171631243664447
"312" 0.277 0.248 0.262 0.291570197559374
"313" 0.683 0.71 0.746 0.699584376114448
"314" 0.962 0.952 0.982 0.908625182773753
"315" 0.496 0.478 0.475 0.51130343645158
"316" 0.566 0.559 0.553 0.566904365858006
"317" 0.687 0.674 0.691 0.665218975084706
"318" 0.908 0.912 0.928 0.854697549196758
"319" 0.697 0.682 0.689 0.683360004070111
"320" 0.484 0.483 0.48 0.519218124481064
"321" 0.568 0.574 0.613 0.589884019619937
"322" 0.704 0.649 0.697 0.657764395175787
"323" 0.101 0.101 0.085 0.0963327877924951
"324" 0.359 0.314 0.339 0.362774552645823
"325" 0.253 0.272 0.287 0.288108384774299
"326" 0.324 0.281 0.291 0.317777706264798
"327" 0.087 0.094 0.095 0.100651057963202
"328" 0.715 0.724 0.757 0.710543962473515
"329" 0.684 0.685 0.742 0.683184912048181
"330" 0.984 0.982 0.986 0.940627522747768
"331" 0.021 0.018 0.018 0.0164899585836437
"332" 0.225 0.221 0.209 0.250373211637157
"333" 0.846 0.874 0.867 0.805631306185584
"334" 0.76 0.754 0.77 0.725690545151119
"335" 0.058 0.063 0.065 0.0712207131342427
"336" 0.432 0.411 0.432 0.463515914045442
"337" 0.532 0.514 0.539 0.541063205317182
"338" 0.144 0.143 0.12 0.139551213479407
"339" 0.349 0.358 0.374 0.388176205058449
"340" 0.871 0.876 0.877 0.810813638528019
"341" 0.461 0.445 0.454 0.46670320745426
"342" 0.039 0.029 0.037 0.0340689303422234
"343" 0.555 0.502 0.554 0.540677958486478
"344" 0.565 0.596 0.611 0.576497486499439
"345" 0.346 0.332 0.34 0.358759406210446
"346" 0.968 0.975 0.99 0.930142541713729
"347" 0.771 0.756 0.796 0.751211718254794
"348" 0.025 0.038 0.038 0.0368769757381558
"349" 0.324 0.318 0.342 0.359523614268686
"350" 0.676 0.698 0.695 0.656063639670851
"351" 0.792 0.798 0.826 0.770481589636244
"352" 0.696 0.694 0.696 0.669652660839639
"353" 0.541 0.567 0.541 0.574656047379944
"354" 0.895 0.884 0.909 0.853599792177695
"355" 0.457 0.458 0.478 0.484985778665094
"356" 0.692 0.693 0.703 0.688182149432947
"357" 0.091 0.114 0.116 0.106084282218922
"358" 0.719 0.724 0.754 0.71642953568609
"359" 0.056 0.046 0.053 0.0527347568054284
"360" 0.489 0.519 0.488 0.513533776248685
"361" 0.306 0.322 0.308 0.335891169513996
"362" 0.977 0.967 0.988 0.915323445457608
"363" 0.429 0.425 0.426 0.441785525133787
"364" 0.575 0.591 0.592 0.59876046944658
"365" 0.397 0.386 0.395 0.422161440984969
"366" 0.014 0.008 0.006 0.00717012600518707
"367" 0.728 0.753 0.782 0.729657240714823
"368" 0.057 0.062 0.088 0.0715478065118392
"369" 0.508 0.509 0.525 0.524916965949903
"370" 0.405 0.418 0.401 0.431847246768867
"371" 0.85 0.872 0.911 0.826458793681329
"372" 0.27 0.276 0.28 0.293580850230474
"373" 0.206 0.193 0.183 0.218502522840417
"374" 0.098 0.084 0.098 0.101715702765996
"375" 0.101 0.102 0.1 0.120998711064451
"376" 0.503 0.5 0.506 0.506588019413553
"377" 0.507 0.521 0.529 0.527261243164521
"378" 0.53 0.527 0.542 0.54351943515836
"379" 0.003 0.003 0.006 0.000840262814947756
"380" 0.906 0.903 0.921 0.862896333210344
"381" 0.123 0.151 0.13 0.157868251524777
"382" 0.714 0.729 0.733 0.705322691098123
"383" 0.718 0.716 0.722 0.701485603496346
"384" 0.298 0.304 0.312 0.330086932069671
"385" 0.989 0.986 0.992 0.931089464039346
"386" 0.329 0.292 0.297 0.329153725883056
"387" 0.16 0.169 0.18 0.187893549761118
"388" 0.199 0.179 0.208 0.219624334792788
"389" 0.083 0.087 0.09 0.0909341710069926
"390" 0.428 0.403 0.425 0.444319308221224
"391" 0.197 0.2 0.182 0.217554511141937
"392" 0.251 0.272 0.238 0.260588212602607
"393" 0.99 0.987 0.991 0.95235590274027
"394" 0.722 0.696 0.736 0.698409321184062
"395" 0.853 0.878 0.872 0.825787968317265
"396" 0.01 0.009 0.014 0.00812256478151985
"397" 0.516 0.454 0.496 0.514187420783232
"398" 0.351 0.326 0.289 0.341849986094125
"399" 0.867 0.882 0.879 0.829891376544765
"400" 0.338 0.318 0.335 0.358143517094151
"401" 0.59 0.541 0.596 0.58507804363931
"402" 0.632 0.657 0.634 0.636906215263273
"403" 0.401 0.363 0.382 0.401172406184765
"404" 0.131 0.125 0.133 0.133127736718934
"405" 0.77 0.745 0.754 0.717735333555989
"406" 0.162 0.15 0.142 0.182663361271455
"407" 0.832 0.868 0.867 0.806632274982396
"408" 0.024 0.035 0.029 0.0244604621519048
"409" 0.712 0.717 0.748 0.706333140297389
"410" 0.496 0.513 0.519 0.513557325732096
"411" 0.54 0.582 0.54 0.560793662504865
"412" 0.79 0.796 0.811 0.753158978160586
"413" 0.665 0.68 0.687 0.664090401160969
"414" 0.998 0.995 0.997 0.962927403572644
"415" 0.018 0.015 0.022 0.0139601369064601
"416" 0.005 0.003 0.001 0.00116434748704897
"417" 0.173 0.18 0.158 0.174348372307252
"418" 0.635 0.633 0.658 0.639659523860735
"419" 0.165 0.175 0.167 0.196530745274676
"420" 0.217 0.242 0.243 0.256429102221507
"421" 0.567 0.545 0.567 0.569129179034268
"422" 0.352 0.406 0.369 0.40749603715649
"423" 0.085 0.097 0.098 0.105941057908824
"424" 0.351 0.329 0.358 0.387792875880908
"425" 0.455 0.467 0.489 0.500521530906089
"426" 0.838 0.837 0.882 0.812434298924736
"427" 0.115 0.128 0.14 0.134692314518394
"428" 0.992 0.999 0.998 0.948145298439139
"429" 0.022 0.017 0.017 0.0160128741639066
"430" 0.358 0.386 0.372 0.390744526925277
"431" 0.613 0.619 0.659 0.622219965883158
"432" 0.295 0.298 0.319 0.325730050450886
"433" 0.321 0.341 0.345 0.348692104474314
"434" 0.539 0.539 0.523 0.544792561708247
"435" 0.675 0.673 0.719 0.677516178464731
"436" 0.007 0.014 0.013 0.00781144764520159
"437" 0.267 0.256 0.296 0.294873076322699
"438" 0.215 0.204 0.235 0.232010435454813
"439" 0.117 0.108 0.114 0.123551363581242
"440" 0.5 0.496 0.544 0.531379656167658
"441" 0.396 0.39 0.398 0.427256838205673
"442" 0.382 0.4 0.422 0.418861375306403
"443" 0.725 0.7 0.732 0.696173515265415
"444" 0.766 0.767 0.79 0.74204502557316
"445" 0.626 0.644 0.641 0.630609509198337
"446" 0.266 0.262 0.261 0.287448827860331
"447" 0.788 0.824 0.812 0.765358451507825
"448" 0.769 0.774 0.815 0.753714182293584
"449" 0.677 0.672 0.728 0.668048175559858
"450" 0.152 0.15 0.166 0.168278726149951
"451" 0.435 0.416 0.448 0.468429893034898
"452" 0.09 0.096 0.106 0.101793394609564
"453" 0.846 0.859 0.875 0.809171532798418
"454" 0.397 0.361 0.393 0.42345267092691
"455" 0.818 0.875 0.888 0.811045005545057
"456" 0.879 0.858 0.879 0.826094826997624
"457" 0.735 0.705 0.721 0.703460596331403
"458" 0.279 0.32 0.304 0.331057939142034
"459" 0.003 0.004 0.008 0.00227702059399282
"460" 0.827 0.815 0.84 0.793162408454641
"461" 0.268 0.248 0.256 0.274191732064693
"462" 0.681 0.659 0.676 0.665060324237613
"463" 0.578 0.59 0.61 0.595112797335727
"464" 0.089 0.084 0.071 0.0824320047221057
"465" 0.056 0.054 0.065 0.0550564643297107
"466" 0.072 0.072 0.077 0.0856422261739528
"467" 0.623 0.683 0.679 0.646159897880286
"468" 0.788 0.79 0.8 0.748887895355883
"469" 0.701 0.673 0.699 0.684873079960754
"470" 0.877 0.89 0.88 0.844457289322125
"471" 0.555 0.564 0.56 0.558514478337893
"472" 0.967 0.948 0.97 0.892504201869702
"473" 0.76 0.751 0.771 0.729120018893767
"474" 0.323 0.325 0.329 0.371305927912793
"475" 0.867 0.864 0.897 0.800597910947082
"476" 0.062 0.072 0.074 0.0710023501885596
"477" 0.374 0.385 0.367 0.408787153356407
"478" 0.03 0.025 0.024 0.0264297451162071
"479" 0.466 0.48 0.47 0.485500240588634
"480" 0.969 0.978 0.986 0.917372216093923
"481" 0.974 0.97 0.98 0.911807754197673
"482" 0.496 0.511 0.526 0.515972131138495
"483" 0.056 0.057 0.076 0.0621684507822611
"484" 0.092 0.075 0.065 0.0840464772359165
"485" 0.327 0.321 0.337 0.351301816521775
"486" 0.057 0.056 0.065 0.0565370105001696
"487" 0.251 0.266 0.284 0.272695186745351
"488" 0.685 0.693 0.699 0.683603989772307
"489" 0.628 0.652 0.637 0.631203522555078
"490" 0.001 0.003 0.001 0.000723190074641722
"491" 0.577 0.572 0.602 0.581701439059013
"492" 0.531 0.533 0.529 0.542402294294358
"493" 0.162 0.191 0.182 0.191739821914696
"494" 0.867 0.865 0.9 0.82947565969879
"495" 0.518 0.496 0.53 0.527729524323353
"496" 0.875 0.872 0.904 0.830839772258507
"497" 0.874 0.901 0.902 0.831731065507562
"498" 0.547 0.519 0.556 0.556674251395279
"499" 0.118 0.121 0.113 0.131110321490625
"500" 0.272 0.262 0.26 0.299999005595978
"501" 0.817 0.831 0.837 0.783662182330948
"502" 0.095 0.095 0.087 0.108065977189981
"503" 0.086 0.105 0.09 0.101956720145151
"504" 0.587 0.593 0.624 0.600890926758577
"505" 0.205 0.209 0.224 0.255508705036761
"506" 0.231 0.227 0.223 0.246804044367081
"507" 0.258 0.241 0.246 0.272841577260233
"508" 0.431 0.418 0.414 0.456507721271306
"509" 0.743 0.739 0.795 0.732611050834453
"510" 0.951 0.949 0.975 0.907116717483199
"511" 0.716 0.742 0.765 0.720002455356392
"512" 0.272 0.334 0.318 0.353991413493042
"513" 0.649 0.642 0.643 0.626013378731831
"514" 0.623 0.589 0.625 0.617542225579297
"515" 0.379 0.377 0.36 0.407456804366638
"516" 0.862 0.864 0.904 0.840133033867514
"517" 0.567 0.575 0.565 0.588981102668388
"518" 0.677 0.69 0.702 0.676482241505558
"519" 0.345 0.323 0.358 0.367318797911176
"520" 0.06 0.051 0.057 0.0589174445617351
"521" 0.534 0.526 0.548 0.534354061164606
"522" 0.17 0.163 0.172 0.193216030703746
"523" 0.719 0.716 0.708 0.700845741457357
"524" 0.745 0.746 0.748 0.728508366789313
"525" 0.887 0.896 0.906 0.844596559835427
"526" 0.415 0.427 0.441 0.471424270418823
"527" 0.457 0.443 0.468 0.474201395513462
"528" 0.336 0.363 0.347 0.378143110789709
"529" 0.65 0.645 0.672 0.644503001438553
"530" 0.353 0.367 0.374 0.400790610768009
"531" 0.439 0.438 0.433 0.46082369891094
"532" 0.138 0.136 0.12 0.133973910336427
"533" 0.1 0.108 0.099 0.110607146736899
"534" 0.911 0.923 0.955 0.879288109273242
"535" 0.36 0.346 0.359 0.371538284293318
"536" 0.353 0.385 0.368 0.393625287737641
"537" 0.614 0.633 0.631 0.61794656923739
"538" 0.615 0.576 0.641 0.618370346906089
"539" 0.93 0.931 0.94 0.879357192440547
"540" 0.879 0.892 0.908 0.839961193711276
"541" 0.088 0.091 0.078 0.084967361922399
"542" 0.315 0.335 0.3 0.330574348693842
"543" 0.564 0.549 0.574 0.577964784076798
"544" 0.852 0.851 0.865 0.799229108903521
"545" 0.34 0.337 0.351 0.356436301968368
"546" 0.1 0.108 0.119 0.123382332026194
"547" 0.589 0.535 0.56 0.568714583189833
"548" 0.947 0.939 0.96 0.889305586692499
"549" 0.641 0.678 0.703 0.6648660442452
"550" 0.781 0.782 0.799 0.759360118393403
"551" 0.386 0.405 0.398 0.421271324905236
"552" 0.259 0.224 0.23 0.258928876262526
"553" 0.112 0.12 0.128 0.138365813908082
"554" 0.239 0.266 0.254 0.296293092982072
"555" 0.093 0.092 0.099 0.107227191478503
"556" 0.204 0.214 0.202 0.22703228012141
"557" 0.684 0.674 0.686 0.672643225920215
"558" 0.485 0.457 0.496 0.492830339483086
"559" 0.53 0.506 0.545 0.541890668849012
"560" 0.033 0.032 0.02 0.0294927723772591
"561" 0.652 0.626 0.666 0.642140137172691
"562" 0.805 0.812 0.832 0.774268534170601
"563" 0.583 0.553 0.527 0.563498678082835
"564" 0.96 0.964 0.973 0.911238002867782
"565" 0.249 0.267 0.255 0.28533144413871
"566" 0.906 0.901 0.918 0.861970945287924
"567" 0.42 0.405 0.443 0.439051609926075
"568" 0.242 0.199 0.229 0.253176582278424
"569" 0.882 0.879 0.894 0.834739869268125
"570" 0.881 0.899 0.913 0.847713545998766
"571" 0.286 0.275 0.281 0.320319985958043
"572" 0.016 0.02 0.013 0.0118765917980379
"573" 0.333 0.366 0.329 0.367603828306941
"574" 0.353 0.326 0.361 0.368636553693282
"575" 0.257 0.215 0.219 0.251854320502839
"576" 0.346 0.356 0.352 0.391662950064779
"577" 0.214 0.213 0.241 0.246422443900041
"578" 0.433 0.43 0.45 0.447017357687838
"579" 0.684 0.683 0.716 0.684671509154276
"580" 0.17 0.17 0.186 0.188799155796469
"581" 0.67 0.703 0.75 0.692614262768606
"582" 0.183 0.156 0.156 0.183677054542456
"583" 0.236 0.242 0.255 0.263413592506638
"584" 0.669 0.673 0.688 0.666488841852506
"585" 0.745 0.729 0.751 0.720303388660524
"586" 0.302 0.302 0.323 0.341018926721073
"587" 0.663 0.657 0.687 0.645185015515408
"588" 0.033 0.025 0.024 0.022727723470487
"589" 0.021 0.024 0.024 0.0194379225701279
"590" 0.418 0.432 0.463 0.463466627842243
"591" 0.37 0.377 0.336 0.395632435668078
"592" 0.474 0.525 0.54 0.550404344509384
"593" 0.089 0.074 0.081 0.0731953667960734
"594" 0.839 0.836 0.875 0.810456258770968
"595" 0.041 0.041 0.036 0.0383159537487997
"596" 0.504 0.5 0.528 0.52320747703812
"597" 0.47 0.467 0.492 0.500348555564268
"598" 0.978 0.966 0.982 0.925573866130968
"599" 0.463 0.46 0.488 0.496813429092443
"600" 0.942 0.947 0.96 0.893572902287964
"601" 0.035 0.051 0.051 0.0363903147765536
"602" 0.12 0.098 0.106 0.114158673589639
"603" 0.465 0.428 0.441 0.468933877436953
"604" 0.274 0.263 0.282 0.31165661379735
"605" 0.89 0.908 0.919 0.850592355159966
"606" 0.917 0.916 0.935 0.856346079425826
"607" 0.718 0.736 0.745 0.714684586808315
"608" 0.421 0.423 0.435 0.446056491072369
"609" 0.696 0.691 0.688 0.679223525420675
"610" 0.202 0.212 0.205 0.235873792986578
"611" 0.564 0.555 0.575 0.567706748051847
"612" 0.283 0.305 0.305 0.307130264478226
"613" 0.93 0.925 0.928 0.870299989718313
"614" 0.262 0.252 0.265 0.27221014769465
"615" 0.073 0.066 0.088 0.0777840360214245
"616" 0.478 0.514 0.507 0.517790887320839
"617" 0.781 0.767 0.792 0.760112453152138
"618" 0.591 0.6 0.646 0.601570789137956
"619" 0.229 0.243 0.214 0.262746055693965
"620" 0.892 0.923 0.92 0.867526688390551
"621" 0.337 0.326 0.321 0.35952141841884
"622" 0.303 0.291 0.297 0.316006896304775
"623" 0.488 0.479 0.513 0.517280910847869
"624" 0.353 0.37 0.417 0.411547218763234
"625" 0.617 0.645 0.674 0.626094208968107
"626" 0.729 0.732 0.742 0.717702027931587
"627" 0.347 0.329 0.331 0.378938775210586
"628" 0.832 0.809 0.875 0.768593609551774
"629" 0.481 0.471 0.522 0.507755437160956
"630" 0.652 0.622 0.626 0.620937726532651
"631" 0.7 0.7 0.714 0.693407420334851
"632" 0.117 0.121 0.108 0.133964036098968
"633" 0.314 0.327 0.303 0.340780516121951
"634" 0.323 0.333 0.35 0.371901552918177
"635" 0.517 0.535 0.526 0.554716093426165
"636" 0.088 0.096 0.07 0.0906325512274809
"637" 0.615 0.634 0.643 0.642593404540603
"638" 0.273 0.283 0.286 0.313456784575035
"639" 0.44 0.443 0.475 0.49376771687195
"640" 0.185 0.216 0.176 0.220524872541445
"641" 0.89 0.895 0.898 0.830682302068372
"642" 0.176 0.183 0.172 0.192612217836288
"643" 0.674 0.666 0.679 0.6643096428604
"644" 0.716 0.691 0.768 0.691925647637337
"645" 0.464 0.434 0.475 0.476691167525975
"646" 0.019 0.024 0.031 0.0210139740116049
"647" 0.867 0.875 0.891 0.827112575565878
"648" 0.944 0.92 0.959 0.87824776308119
"649" 0.276 0.276 0.27 0.299517235504183
"650" 0 0 0 8.32427956853898e-06
"651" 0.55 0.573 0.541 0.559402028837577
"652" 0.199 0.168 0.153 0.196575846671507
"653" 0.432 0.445 0.436 0.461629610801902
"654" 0.88 0.879 0.888 0.826332194249509
"655" 0.98 0.98 0.99 0.94511728612665
"656" 0.719 0.724 0.743 0.703230501222306
"657" 0.576 0.527 0.547 0.573083311154229
"658" 0.169 0.149 0.185 0.209481900707747
"659" 0.881 0.915 0.929 0.848336094620377
"660" 0.943 0.941 0.959 0.881928987979268
"661" 0.062 0.05 0.059 0.0509906427198644
"662" 0.193 0.192 0.18 0.200630760308724
"663" 0.052 0.045 0.053 0.0538856558531052
"664" 0.721 0.721 0.734 0.70465521167885
"665" 0.141 0.159 0.15 0.169397384813377
"666" 0.806 0.813 0.822 0.771951147315358
"667" 0.486 0.461 0.49 0.503293625241849
"668" 0.975 0.968 0.984 0.913551113196509
"669" 0.58 0.58 0.606 0.588085974697674
"670" 0.157 0.175 0.171 0.192961296606275
"671" 0.018 0.024 0.019 0.0198636787199195
"672" 0.72 0.741 0.739 0.701690164636534
"673" 0.952 0.967 0.973 0.906732754071653
"674" 0.188 0.204 0.217 0.225087444566016
"675" 0.484 0.44 0.475 0.476590772217162
"676" 0.095 0.089 0.086 0.0974702215780503
"677" 0.516 0.528 0.539 0.542400768095893
"678" 0.006 0.008 0.01 0.00558190325537833
"679" 0.062 0.062 0.043 0.0572137698692339
"680" 0.005 0.008 0.005 0.003790272669151
"681" 0.13 0.101 0.122 0.136127895150136
"682" 0.308 0.32 0.278 0.339827387412378
"683" 0.558 0.557 0.559 0.57099071638731
"684" 0.25 0.228 0.267 0.267250322341692
"685" 0.425 0.397 0.446 0.438122450233967
"686" 0.188 0.192 0.188 0.224689123708163
"687" 0.44 0.41 0.446 0.450312125065253
"688" 0.403 0.388 0.434 0.416746131106291
"689" 0.713 0.724 0.738 0.695579716151764
"690" 0.982 0.976 0.986 0.949550035278382
"691" 0.532 0.523 0.518 0.532210054989638
"692" 0.445 0.444 0.407 0.467938938941249
"693" 0.644 0.654 0.65 0.64707193134102
"694" 0.801 0.815 0.831 0.775299487546514
"695" 0.759 0.744 0.763 0.69944898679281
"696" 0.882 0.888 0.897 0.835088958777466
"697" 0.387 0.399 0.412 0.421469126821208
"698" 0.088 0.081 0.106 0.101295720005357
"699" 0.14 0.121 0.123 0.136762185381282
"700" 0.948 0.943 0.969 0.900895044471186
"701" 0.377 0.374 0.401 0.410764026374995
"702" 0.803 0.792 0.827 0.770755441728646
"703" 0.534 0.53 0.562 0.553997680513334
"704" 0.698 0.665 0.69 0.661799161501988
"705" 0.057 0.049 0.039 0.0432563310492106
"706" 0.294 0.303 0.282 0.311016007971972
"707" 0.063 0.056 0.055 0.055957597785706
"708" 0.394 0.408 0.443 0.446576942662987
"709" 0.877 0.892 0.917 0.832048330927682
"710" 0.432 0.452 0.442 0.458100442453914
"711" 0.191 0.14 0.179 0.18158539541808
"712" 0.509 0.529 0.547 0.541130778924062
"713" 0.306 0.307 0.336 0.349966771519661
"714" 0.534 0.489 0.544 0.53284519730491
"715" 0.14 0.121 0.134 0.132303331578845
"716" 0.505 0.477 0.497 0.526454354759762
"717" 0.614 0.611 0.643 0.615374209676059
"718" 0.925 0.935 0.942 0.866292940871048
"719" 0.865 0.86 0.852 0.815723450452986
"720" 0.761 0.786 0.807 0.761200233820603
"721" 0.402 0.409 0.418 0.445682778600228
"722" 0.172 0.166 0.151 0.177584826456891
"723" 0.685 0.659 0.712 0.674325304577197
"724" 0.713 0.681 0.729 0.678679932770452
"725" 0.232 0.215 0.205 0.245755675731669
"726" 0.516 0.518 0.539 0.541915603686428
"727" 0.119 0.117 0.135 0.151194706920193
"728" 0.672 0.701 0.739 0.694037579282557
"729" 0.662 0.634 0.689 0.648695377911115
"730" 0.743 0.727 0.763 0.717089341680072
"731" 0.712 0.734 0.748 0.705186148219032
"732" 0.212 0.188 0.218 0.239219878735759
"733" 0.562 0.56 0.564 0.56634293454859
"734" 0.075 0.063 0.065 0.0784661032458034
"735" 0.465 0.459 0.469 0.491499592061471
"736" 0.543 0.528 0.543 0.549217683569413
"737" 0.428 0.446 0.45 0.461947883799213
"738" 0.126 0.11 0.128 0.128663812794143
"739" 0.116 0.122 0.104 0.125266770033675
"740" 0.133 0.16 0.137 0.162114458909653
"741" 0.711 0.702 0.744 0.697304985929322
"742" 0.705 0.682 0.705 0.692273008709409
"743" 0.155 0.163 0.158 0.18922125719615
"744" 0.131 0.138 0.162 0.159396687105904
"745" 0.807 0.813 0.834 0.774715553630642
"746" 0.683 0.7 0.717 0.67790818566134
"747" 0.802 0.79 0.819 0.759064191207909
"748" 0.868 0.875 0.894 0.823847049471684
"749" 0.945 0.93 0.955 0.8774161229201
"750" 0.378 0.378 0.355 0.385538135263449
"751" 0.126 0.118 0.13 0.1348820803868
"752" 0.514 0.538 0.527 0.535620391879178
"753" 0.416 0.427 0.406 0.44871940302822
"754" 0.835 0.814 0.851 0.793812765828103
"755" 0.757 0.752 0.779 0.723608341859636
"756" 0.15 0.144 0.151 0.171998297090568
"757" 0.657 0.656 0.714 0.66294724913822
"758" 0.88 0.888 0.885 0.82063913812497
"759" 0.113 0.115 0.1 0.111487443197539
"760" 0.229 0.21 0.212 0.264804183432075
"761" 0.189 0.185 0.185 0.22017843300485
"762" 0.785 0.776 0.825 0.758070823972908
"763" 0.636 0.612 0.626 0.618248397176294
"764" 0.606 0.597 0.62 0.604101144701384
"765" 0.299 0.308 0.315 0.332335716351665
"766" 0.946 0.953 0.974 0.900621452433635
"767" 0.518 0.516 0.489 0.518853777756075
"768" 0.358 0.338 0.357 0.38215624324091
"769" 0.896 0.903 0.929 0.849421577487585
"770" 0.069 0.06 0.045 0.0580167678636264
"771" 0.848 0.838 0.851 0.804841229181052
"772" 0.281 0.27 0.296 0.309523030606778
"773" 0.61 0.629 0.625 0.624993530658589
"774" 0.921 0.931 0.96 0.882188223908067
"775" 0.885 0.877 0.898 0.838787745844781
"776" 0.757 0.757 0.797 0.738685058295283
"777" 0.142 0.143 0.126 0.144701503955891
"778" 0.106 0.12 0.12 0.121205266136102
"779" 0.003 0.007 0.004 0.00214764541035883
"780" 0.32 0.336 0.325 0.345757916899397
"781" 0.455 0.473 0.473 0.487873338635392
"782" 0.229 0.223 0.239 0.249549829313321
"783" 0.657 0.668 0.663 0.652028493655946
"784" 0.855 0.837 0.87 0.799378288473856
"785" 0.375 0.379 0.388 0.413411023965947
"786" 0.655 0.681 0.652 0.652537656122849
"787" 0.003 0.001 0.002 0.000189750212908013
"788" 0.106 0.105 0.087 0.107205032535321
"789" 0.754 0.758 0.764 0.725354229277698
"790" 0.093 0.094 0.105 0.0965837934634952
"791" 0.048 0.052 0.063 0.0523205488010694
"792" 0.824 0.837 0.838 0.776620191399384
"793" 0.022 0.02 0.026 0.0237900281925835
"794" 0.605 0.609 0.628 0.607255158008999
"795" 0.172 0.154 0.155 0.194656899428028
"796" 0.648 0.661 0.675 0.64763356518952
"797" 0.982 0.969 0.986 0.914118784767695
"798" 0.555 0.537 0.58 0.587939445655434
"799" 0.776 0.771 0.821 0.75937004194818
"800" 0.789 0.757 0.808 0.745782129596331
"801" 0.741 0.722 0.76 0.709223243827787
"802" 0.18 0.204 0.173 0.212899727935402
"803" 0.796 0.818 0.821 0.770347236831023
"804" 0.458 0.479 0.511 0.50445249528045
"805" 0.385 0.384 0.406 0.398910192963193
"806" 0.449 0.411 0.463 0.469645250888647
"807" 0.589 0.581 0.637 0.601179854539404
"808" 0.756 0.749 0.771 0.739766779349039
"809" 0.249 0.262 0.253 0.298364660557741
"810" 0.421 0.386 0.402 0.405678091345699
"811" 0.243 0.243 0.262 0.274693731890159
"812" 0.834 0.845 0.868 0.813038455091577
"813" 0.588 0.549 0.598 0.579677977722957
"814" 0.612 0.616 0.643 0.621450552766101
"815" 0.914 0.924 0.926 0.859755802310774
"816" 0.614 0.644 0.682 0.626858601406385
"817" 0.743 0.795 0.811 0.743059403795827
"818" 0.652 0.645 0.665 0.637994413261256
"819" 0.651 0.657 0.683 0.651586985416985
"820" 0.812 0.831 0.858 0.786292590979427
"821" 0.875 0.889 0.87 0.820889881810405
"822" 0.352 0.407 0.402 0.409500693255255
"823" 0.852 0.857 0.907 0.82139187829176
"824" 0.718 0.689 0.726 0.698236873754061
"825" 0.343 0.344 0.346 0.378614534510167
"826" 0.861 0.874 0.889 0.831822031451267
"827" 0.653 0.646 0.666 0.644134187269012
"828" 0.436 0.466 0.449 0.482195092421559
"829" 0.877 0.906 0.886 0.818926525698918
"830" 0.375 0.368 0.398 0.418039221732295
"831" 0.464 0.451 0.474 0.474574979665402
"832" 0.256 0.231 0.261 0.267322046415526
"833" 0.028 0.025 0.02 0.0251561041523213
"834" 0.437 0.417 0.432 0.458523978488647
"835" 0.919 0.918 0.931 0.864268502669014
"836" 0.934 0.952 0.967 0.899769918600668
"837" 0.344 0.35 0.386 0.399112579459291
"838" 0.255 0.235 0.25 0.283553825058294
"839" 0.295 0.306 0.31 0.343942555464839
"840" 0.987 0.991 0.997 0.952668230663697
"841" 0.262 0.256 0.283 0.284451220075971
"842" 0.438 0.394 0.402 0.42671268327974
"843" 0.015 0.008 0.008 0.00916247787839297
"844" 0.093 0.094 0.096 0.0950980851144485
"845" 0.695 0.671 0.727 0.669978347835122
"846" 0.03 0.032 0.03 0.0329965661165524
"847" 0.659 0.669 0.661 0.65536265102115
"848" 0.669 0.623 0.683 0.644942226343967
"849" 0.724 0.728 0.741 0.709791901944476
"850" 0.209 0.215 0.228 0.237143594275812
"851" 0.171 0.212 0.206 0.230721566388003
"852" 0.443 0.448 0.447 0.482105983804047
"853" 0.623 0.679 0.708 0.660662882691835
"854" 0.194 0.197 0.199 0.221042911544819
"855" 0.921 0.922 0.929 0.865298941330851
"856" 0.126 0.103 0.116 0.118189578191817
"857" 0.118 0.118 0.119 0.123192259376141
"858" 0.241 0.263 0.275 0.290294058256569
"859" 0.484 0.49 0.536 0.526835590404959
"860" 0.21 0.194 0.199 0.233322746169685
"861" 0.112 0.131 0.122 0.12939103575371
"862" 0.439 0.424 0.434 0.453594996370728
"863" 0.143 0.136 0.136 0.14344972130375
"864" 0.495 0.505 0.535 0.524121859167949
"865" 0.79 0.796 0.846 0.774162068768372
"866" 0.867 0.878 0.899 0.819463295208583
"867" 0.839 0.88 0.871 0.823403525389458
"868" 0.799 0.79 0.797 0.776096945017865
"869" 0.799 0.774 0.79 0.750659097369723
"870" 0.315 0.359 0.344 0.34277713456888
"871" 0.386 0.4 0.429 0.422861466559304
"872" 0.453 0.456 0.476 0.48606944978486
"873" 0.529 0.562 0.524 0.56016617588342
"874" 0.728 0.695 0.753 0.701978911404272
"875" 0.264 0.255 0.245 0.274410609537185
"876" 0.89 0.897 0.923 0.823868851408891
"877" 0.591 0.612 0.614 0.604312302418403
"878" 0.671 0.706 0.705 0.676631616198718
"879" 0.892 0.875 0.906 0.844932770207881
"880" 0.149 0.138 0.156 0.163165057220049
"881" 0.408 0.374 0.382 0.426862253061093
"882" 0.472 0.462 0.467 0.48694316067574
"883" 0.369 0.341 0.394 0.390333609961012
"884" 0.716 0.747 0.746 0.710473888005109
"885" 0.065 0.061 0.073 0.0772636112522704
"886" 0.345 0.359 0.344 0.357433502192543
"887" 0.75 0.734 0.748 0.726121840634189
"888" 0.145 0.178 0.172 0.191867888948853
"889" 0.878 0.881 0.896 0.826500676040336
"890" 0.358 0.329 0.35 0.373668569328216
"891" 0.081 0.072 0.057 0.0745815043602428
"892" 0.882 0.89 0.909 0.842043271967737
"893" 0.011 0.02 0.006 0.0093964119571005
"894" 0.926 0.926 0.941 0.863473550016346
"895" 0.549 0.546 0.552 0.556393541464094
"896" 0.909 0.889 0.918 0.850121700064441
"897" 0.247 0.258 0.26 0.278110225274711
"898" 0.8 0.765 0.787 0.746929184664527
"899" 0.823 0.841 0.863 0.7853683357355
"900" 0.303 0.328 0.303 0.337909098266027
"901" 0.736 0.756 0.769 0.726477422756467
"902" 0.828 0.813 0.84 0.776024895233018
"903" 0.006 0.01 0.006 0.00576245357356853
"904" 0.743 0.743 0.765 0.71310239348865
"905" 0.423 0.413 0.434 0.445909553656177
"906" 0.789 0.767 0.778 0.74040004806742
"907" 0.678 0.695 0.723 0.68994904863396
"908" 0.73 0.693 0.713 0.694557153703502
"909" 0.757 0.73 0.777 0.721534690202942
"910" 0.838 0.828 0.873 0.801155622056664
"911" 0.093 0.1 0.099 0.109337915957999
"912" 0.347 0.341 0.373 0.364673341817122
"913" 0.247 0.227 0.272 0.269050836438124
"914" 0.207 0.212 0.208 0.22508710640271
"915" 0.087 0.093 0.099 0.0959500267741005
"916" 0.423 0.441 0.455 0.46955895726984
"917" 0.64 0.664 0.661 0.652170229414565
"918" 0.875 0.883 0.887 0.809240289485321
"919" 0.761 0.739 0.816 0.733178976870174
"920" 0.772 0.764 0.767 0.728337809712633
"921" 0.272 0.228 0.274 0.281430304826446
"922" 0.664 0.672 0.717 0.668296850776499
"923" 0.606 0.582 0.62 0.608409797743413
"924" 0.778 0.763 0.808 0.750311297787198
"925" 0.77 0.756 0.785 0.743247763985757
"926" 0.829 0.802 0.841 0.794589272201074
"927" 0.795 0.816 0.846 0.779225866751663
"928" 0.019 0.008 0.011 0.0101218327733757
"929" 0.101 0.098 0.093 0.102101047894067
"930" 0.394 0.402 0.397 0.428981787090084
"931" 0.545 0.56 0.531 0.564730664220982
"932" 0.188 0.198 0.206 0.230331932992646
"933" 0.577 0.588 0.594 0.609367351754827
"934" 0.673 0.692 0.721 0.680740407938004
"935" 0.859 0.867 0.895 0.804483455655911
"936" 0.235 0.233 0.244 0.257965002331185
"937" 0.834 0.818 0.847 0.777812108255034
"938" 0.457 0.426 0.42 0.46320965015091
"939" 0.827 0.844 0.843 0.789404223407322
"940" 0.436 0.444 0.431 0.470067078804964
"941" 0.769 0.716 0.778 0.727445091272441
"942" 0.716 0.745 0.77 0.720833557164243
"943" 0.232 0.231 0.223 0.24457883039719
"944" 0.024 0.032 0.03 0.0236017118748938
"945" 0.761 0.764 0.785 0.733930345370254
"946" 0.042 0.051 0.045 0.0446015959937215
"947" 0.709 0.685 0.72 0.683558970265388
"948" 0.894 0.892 0.901 0.829575869385113
"949" 0.627 0.615 0.667 0.633213882188
"950" 0.047 0.037 0.052 0.0430030152241835
"951" 0.762 0.793 0.794 0.749949401532143
"952" 0.403 0.398 0.395 0.420208945760179
"953" 0.923 0.915 0.943 0.866553214373864
"954" 0.58 0.577 0.585 0.595374047876443
"955" 0.628 0.651 0.652 0.640593850778049
"956" 0.381 0.368 0.385 0.388071338121154
"957" 0.473 0.473 0.468 0.476277166250328
"958" 0.073 0.056 0.057 0.0681712115639304
"959" 0.067 0.05 0.06 0.0631817423306335
"960" 0.211 0.181 0.222 0.225799734935575
"961" 0.729 0.697 0.745 0.699937100492273
"962" 0.879 0.862 0.882 0.824730358028197
"963" 0.871 0.868 0.892 0.812317090097237
"964" 0.098 0.106 0.101 0.113451421211439
"965" 0.575 0.576 0.609 0.584050804705302
"966" 0.331 0.334 0.322 0.361610647766343
"967" 0.323 0.3 0.318 0.341892976868514
"968" 0.852 0.836 0.87 0.799381582965438
"969" 0.624 0.622 0.647 0.623253949968156
"970" 0.252 0.253 0.261 0.289810554801164
"971" 0.452 0.445 0.444 0.461750725677102
"972" 0.385 0.38 0.395 0.430186937872321
"973" 0.259 0.283 0.277 0.301502187316765
"974" 0.227 0.244 0.271 0.266248297028915
"975" 0.517 0.556 0.57 0.562946749142441
"976" 0.788 0.775 0.813 0.760184099397359
"977" 0.046 0.043 0.028 0.0363904745210217
"978" 0.214 0.225 0.236 0.249429375425974
"979" 0.319 0.304 0.334 0.354464205901994
"980" 0.744 0.737 0.779 0.725828355269649
"981" 0.81 0.802 0.799 0.761079657775356
"982" 0.656 0.609 0.685 0.641486891247231
"983" 0.653 0.643 0.672 0.640119256055362
"984" 0.235 0.251 0.25 0.254131681523436
"985" 0.194 0.168 0.172 0.189378564969949
"986" 0.524 0.495 0.543 0.536320170303995
"987" 0.318 0.345 0.353 0.366125616672695
"988" 0.641 0.639 0.64 0.619630971753105
"989" 0.665 0.707 0.644 0.655051981789781
"990" 0.488 0.517 0.516 0.517209079200453
"991" 0.041 0.036 0.03 0.0314577552033113
"992" 0.545 0.508 0.537 0.541265006122917
"993" 0.944 0.928 0.949 0.887125579846746
"994" 0.236 0.256 0.251 0.265703472684541
"995" 0.994 0.996 0.998 0.970323582582733
"996" 0.595 0.572 0.61 0.600087689510821
"997" 0.188 0.192 0.169 0.204644842763958
"998" 0.16 0.197 0.179 0.21518221553048
"999" 0.04 0.053 0.041 0.0399446472888919
"1000" 0.991 0.994 0.995 0.944529163971434
