"A" "B" "P" "BT"
"1" 0.546 0.569 0.589 0.572302726035826
"2" 0.072 0.081 0.06 0.0785772834108905
"3" 0.19 0.175 0.173 0.203642082907843
"4" 0.862 0.861 0.87 0.796368517199952
"5" 0.309 0.288 0.316 0.336594273932895
"6" 0.27 0.265 0.265 0.302561672300018
"7" 0.331 0.295 0.338 0.352924718649027
"8" 0.298 0.355 0.327 0.350966050997691
"9" 0.513 0.507 0.512 0.516883626051927
"10" 0.943 0.961 0.965 0.869914921074056
"11" 0.717 0.689 0.741 0.672755395804512
"12" 0.478 0.502 0.479 0.502562132811409
"13" 0.942 0.937 0.969 0.88227261552079
"14" 0 0.002 0.001 0.00030288261329614
"15" 0.727 0.73 0.745 0.70865377473212
"16" 0.741 0.721 0.738 0.705975278608904
"17" 0.919 0.936 0.956 0.841995810861356
"18" 0.35 0.343 0.353 0.396473618995072
"19" 0.154 0.159 0.144 0.177526365892119
"20" 0.688 0.697 0.715 0.665657728048954
"21" 0.726 0.74 0.748 0.693446359437005
"22" 0.726 0.697 0.744 0.676101880810841
"23" 0.077 0.069 0.077 0.079727998411151
"24" 0.618 0.626 0.623 0.608827246116804
"25" 0.152 0.134 0.173 0.178454275074143
"26" 0.759 0.767 0.806 0.705921320376795
"27" 0.216 0.196 0.19 0.229221797951029
"28" 0.781 0.79 0.787 0.741714405631053
"29" 0.878 0.877 0.876 0.784167129911449
"30" 0.243 0.248 0.231 0.266172448705428
"31" 0.201 0.195 0.171 0.220908505091863
"32" 0.34 0.337 0.384 0.382765231015513
"33" 0.096 0.075 0.094 0.0990463167728466
"34" 0.21 0.234 0.206 0.251043980908747
"35" 0.508 0.464 0.494 0.506159776495265
"36" 0.987 0.989 0.997 0.931064919462382
"37" 0.157 0.171 0.151 0.18589996581626
"38" 0.145 0.145 0.149 0.162948839891072
"39" 0.148 0.159 0.167 0.184233255789053
"40" 0.394 0.42 0.425 0.436352548180476
"41" 0.239 0.243 0.242 0.266889147880738
"42" 0.258 0.266 0.263 0.300266186969534
"43" 0.188 0.197 0.194 0.197449981035879
"44" 0.317 0.314 0.305 0.347795567828154
"45" 0.06 0.055 0.046 0.0591637045181672
"46" 0.885 0.862 0.903 0.819831842326287
"47" 0.991 0.994 0.995 0.938704045596294
"48" 0.136 0.158 0.134 0.166570327456415
"49" 0.864 0.85 0.875 0.812337944761637
"50" 0.64 0.652 0.678 0.636161419449872
"51" 0.087 0.094 0.098 0.103265976610976
"52" 0.463 0.47 0.482 0.499065738576911
"53" 0.055 0.051 0.06 0.0519665588343305
"54" 0.094 0.1 0.096 0.108721553594243
"55" 0.494 0.442 0.458 0.473893792633849
"56" 0.579 0.614 0.613 0.595467608554124
"57" 0.089 0.059 0.067 0.0712512657655966
"58" 0.722 0.711 0.714 0.680202473182912
"59" 0.772 0.78 0.813 0.733829976286213
"60" 0.327 0.358 0.357 0.395245471353033
"61" 0.221 0.228 0.243 0.254349221663083
"62" 0.468 0.468 0.484 0.494537979598565
"63" 0.753 0.776 0.797 0.710540353996739
"64" 0.385 0.396 0.396 0.417738375280588
"65" 0.562 0.571 0.585 0.557398354415613
"66" 0.458 0.438 0.418 0.462892378653211
"67" 0.342 0.343 0.334 0.383127326078099
"68" 0.454 0.454 0.447 0.471631951814329
"69" 0.929 0.909 0.926 0.848217842082049
"70" 0.026 0.017 0.013 0.0129998741603888
"71" 0.54 0.52 0.572 0.525464088561544
"72" 0.599 0.618 0.611 0.589156326210419
"73" 0.248 0.254 0.266 0.299055614911243
"74" 0.595 0.589 0.583 0.578777163826849
"75" 0.943 0.934 0.952 0.85362651256366
"76" 0.119 0.131 0.115 0.122393995497178
"77" 0.036 0.052 0.043 0.0343125228749133
"78" 0.772 0.749 0.773 0.727934067658581
"79" 0.977 0.967 0.979 0.869398030524125
"80" 0.869 0.864 0.88 0.791606361215424
"81" 0.1 0.112 0.114 0.127393924655822
"82" 0.298 0.241 0.264 0.296315518661298
"83" 0.432 0.438 0.415 0.446781509018772
"84" 0.651 0.659 0.651 0.630188697609752
"85" 0.2 0.199 0.204 0.229376095842415
"86" 0.421 0.39 0.414 0.426485613875042
"87" 0.399 0.421 0.405 0.421880632364265
"88" 0.165 0.183 0.182 0.206788044282924
"89" 0.631 0.626 0.652 0.603929176978967
"90" 0.017 0.019 0.014 0.0145820426898303
"91" 0.525 0.532 0.565 0.54461071868386
"92" 0.77 0.8 0.804 0.73251866636429
"93" 0.435 0.451 0.473 0.473056981440147
"94" 0.994 0.993 0.998 0.933325334667873
"95" 0.697 0.688 0.686 0.684337335358336
"96" 0.324 0.321 0.306 0.332868554484747
"97" 0.523 0.51 0.502 0.523814404057515
"98" 0.75 0.757 0.739 0.696952330057286
"99" 0.811 0.804 0.851 0.756523360095037
"100" 0.477 0.447 0.479 0.486598997311877
"101" 0.375 0.386 0.391 0.414374006219103
"102" 0.435 0.439 0.402 0.454079648957205
"103" 0.502 0.564 0.566 0.554916102115501
"104" 0.545 0.535 0.581 0.552341834975322
"105" 0.367 0.376 0.385 0.403406946686062
"106" 0.006 0.005 0.006 0.00231875990715158
"107" 0.546 0.555 0.572 0.558603134743336
"108" 0.23 0.216 0.228 0.264765440621805
"109" 0.612 0.626 0.64 0.608320707065346
"110" 0.816 0.805 0.827 0.758885149905555
"111" 0.739 0.756 0.749 0.70449754688844
"112" 0.203 0.262 0.236 0.250007079419696
"113" 0.459 0.429 0.48 0.483361308977946
"114" 0.923 0.931 0.933 0.81893140209528
"115" 0.767 0.763 0.769 0.696809475655541
"116" 0.51 0.496 0.485 0.510009265073702
"117" 0.896 0.903 0.907 0.810978150613326
"118" 0.03 0.031 0.045 0.0239581826180254
"119" 0.18 0.197 0.208 0.231431055940664
"120" 0.147 0.153 0.131 0.154305890767911
"121" 0.084 0.091 0.09 0.0995648981852394
"122" 0.321 0.292 0.302 0.331382080797013
"123" 0.357 0.318 0.367 0.381362400406254
"124" 0.278 0.292 0.313 0.311287773365416
"125" 0.424 0.413 0.426 0.457609158402256
"126" 0.826 0.811 0.852 0.759434730358082
"127" 0.803 0.808 0.839 0.76071466226264
"128" 0.66 0.678 0.695 0.644097839939634
"129" 0.668 0.673 0.708 0.653612167553377
"130" 0.797 0.826 0.825 0.746543106134919
"131" 0.384 0.343 0.36 0.381669888241593
"132" 0.357 0.314 0.387 0.377673158957465
"133" 0.943 0.94 0.945 0.865204043207773
"134" 0.805 0.811 0.825 0.757826626202837
"135" 0.037 0.021 0.035 0.0214628065357934
"136" 0.116 0.106 0.113 0.119409221459718
"137" 0.481 0.509 0.513 0.517484995888278
"138" 0.507 0.5 0.502 0.50378136451173
"139" 0.335 0.305 0.344 0.369107792507026
"140" 0.559 0.512 0.544 0.53888143063595
"141" 0.207 0.214 0.233 0.259034127887883
"142" 0.644 0.66 0.652 0.623640091878095
"143" 0.109 0.099 0.097 0.104735947241992
"144" 0.35 0.347 0.393 0.384616024724769
"145" 0.476 0.472 0.462 0.484360651379037
"146" 0.903 0.906 0.912 0.832373770429248
"147" 0.778 0.76 0.799 0.70580549169915
"148" 0.79 0.818 0.811 0.737015858112605
"149" 0.042 0.038 0.055 0.0407490035924231
"150" 0.412 0.416 0.452 0.456820847815026
"151" 0.041 0.035 0.03 0.0320252165860644
"152" 0.316 0.329 0.301 0.359494993048895
"153" 0.122 0.116 0.117 0.127972601142847
"154" 0.811 0.828 0.83 0.762377311653486
"155" 0.968 0.974 0.972 0.906577366507013
"156" 0.896 0.893 0.906 0.820447172016769
"157" 0.585 0.58 0.6 0.573196683446732
"158" 0.19 0.208 0.169 0.206978256545822
"159" 0.743 0.711 0.734 0.694821152048884
"160" 0.332 0.305 0.373 0.383323046198085
"161" 0 0 0 2.41123840275526e-05
"162" 0.013 0.007 0.013 0.00449022428033097
"163" 0.594 0.59 0.612 0.5944616609705
"164" 0.889 0.873 0.91 0.828119730703956
"165" 0.967 0.974 0.987 0.903329499015549
"166" 0.645 0.647 0.665 0.631394863310978
"167" 0.097 0.105 0.102 0.102224644917305
"168" 0.267 0.301 0.319 0.341482809491888
"169" 0.567 0.603 0.606 0.575533143168191
"170" 0.024 0.028 0.031 0.0199179804671693
"171" 0.521 0.553 0.554 0.543620519161117
"172" 0.679 0.675 0.715 0.676505735364201
"173" 0.9 0.917 0.926 0.83223108563014
"174" 0.922 0.934 0.95 0.866900892667912
"175" 0.629 0.627 0.635 0.607221357963487
"176" 0.784 0.785 0.784 0.727799135984569
"177" 0.626 0.609 0.654 0.601058055157102
"178" 0.7 0.723 0.749 0.702152776471477
"179" 0.411 0.427 0.431 0.456710217973737
"180" 0.436 0.419 0.411 0.44563243997126
"181" 0.133 0.114 0.138 0.127958919623204
"182" 0.987 0.987 0.991 0.934532847095972
"183" 0.3 0.363 0.332 0.35869953979116
"184" 0.829 0.855 0.876 0.786917223633835
"185" 0.517 0.533 0.552 0.5439811362104
"186" 0.568 0.54 0.584 0.557891800929818
"187" 0.406 0.379 0.414 0.431562132186556
"188" 0.818 0.837 0.839 0.7596274831309
"189" 0.911 0.902 0.923 0.848615395689562
"190" 0.564 0.546 0.587 0.572293479890501
"191" 0.586 0.597 0.626 0.591005377360808
"192" 0.989 0.991 0.993 0.939721231491835
"193" 0.87 0.847 0.886 0.77362780716951
"194" 0.24 0.237 0.23 0.267021990091809
"195" 0.168 0.171 0.182 0.199754208133269
"196" 0.463 0.448 0.452 0.471095657447511
"197" 0.054 0.045 0.059 0.0513912163374849
"198" 0.134 0.163 0.169 0.180915900131789
"199" 0.475 0.495 0.508 0.514834649117797
"200" 0.303 0.309 0.316 0.345832174621433
"201" 0.249 0.232 0.257 0.275932238015858
"202" 0.257 0.245 0.231 0.287877859347614
"203" 0.541 0.538 0.542 0.548174408754249
"204" 0.42 0.349 0.416 0.42624907988909
"205" 0.83 0.821 0.829 0.760235650235216
"206" 0.607 0.623 0.62 0.607500277931985
"207" 0.785 0.785 0.825 0.758717675567946
"208" 0.568 0.573 0.555 0.573460486315153
"209" 0.396 0.407 0.397 0.432752357203365
"210" 0.554 0.558 0.599 0.554176072478136
"211" 0.073 0.078 0.072 0.0777090228347792
"212" 0.139 0.161 0.144 0.15581177051776
"213" 0.09 0.066 0.072 0.0722016801461607
"214" 0.786 0.788 0.789 0.74115635849002
"215" 0.601 0.611 0.609 0.597532504006764
"216" 0.292 0.328 0.326 0.34981297588154
"217" 0.539 0.56 0.533 0.54256392978783
"218" 0.123 0.158 0.134 0.155400816834092
"219" 0.712 0.724 0.748 0.671786414424617
"220" 0.87 0.886 0.911 0.820388084941738
"221" 0.349 0.34 0.391 0.36900997536073
"222" 0.437 0.402 0.448 0.437347378779122
"223" 0.145 0.141 0.15 0.167067944866917
"224" 0.145 0.144 0.163 0.177166997952066
"225" 0.343 0.336 0.336 0.381756232947738
"226" 0.08 0.107 0.107 0.101558709792131
"227" 0.469 0.442 0.459 0.460345579399298
"228" 0.033 0.041 0.027 0.0283438010305271
"229" 0.359 0.321 0.351 0.377956147475007
"230" 0.98 0.972 0.984 0.904975823810907
"231" 0.668 0.681 0.687 0.64525832310985
"232" 0.284 0.274 0.266 0.312246051405333
"233" 0.775 0.768 0.766 0.705890494123388
"234" 0.947 0.939 0.941 0.83061025170002
"235" 0.549 0.54 0.517 0.538527720018301
"236" 0.42 0.406 0.427 0.438915903449577
"237" 0.976 0.984 0.988 0.919166424418249
"238" 0.366 0.378 0.413 0.418828213070035
"239" 0.49 0.475 0.514 0.509605842144638
"240" 0.494 0.51 0.543 0.529408573859625
"241" 0.804 0.791 0.81 0.739538793266843
"242" 0.052 0.038 0.049 0.041438866278952
"243" 0.257 0.281 0.28 0.302982885812222
"244" 0.958 0.943 0.951 0.87844613530432
"245" 0.387 0.444 0.426 0.451281031237025
"246" 0.493 0.491 0.506 0.5163171285484
"247" 0.328 0.345 0.355 0.379012744616928
"248" 0.358 0.376 0.339 0.386541971272284
"249" 0.559 0.55 0.577 0.569131700592165
"250" 0.333 0.312 0.338 0.36162863747247
"251" 0.493 0.485 0.492 0.500164847435379
"252" 0.63 0.656 0.638 0.622610710622202
"253" 0.738 0.745 0.757 0.693771942859416
"254" 0.614 0.599 0.565 0.584923970876027
"255" 0.769 0.786 0.812 0.738372509825143
"256" 0.684 0.679 0.701 0.656707277313954
"257" 0.157 0.175 0.177 0.194794266488885
"258" 0.975 0.958 0.972 0.915516478371004
"259" 0.371 0.363 0.373 0.399395885336929
"260" 0.179 0.152 0.194 0.190949185297433
"261" 0.717 0.718 0.746 0.678261363664287
"262" 0.12 0.11 0.14 0.1353072647082
"263" 0 0 0 1.63170647731192e-05
"264" 0.83 0.807 0.857 0.752052635177358
"265" 0.316 0.299 0.374 0.350666560147074
"266" 0.906 0.906 0.925 0.836840835803459
"267" 0.917 0.911 0.94 0.845848799770478
"268" 0.414 0.404 0.45 0.442018693233845
"269" 0.556 0.578 0.56 0.556360487282981
"270" 0.821 0.804 0.824 0.771226802619921
"271" 0.76 0.78 0.766 0.728516594758409
"272" 0.779 0.763 0.802 0.727195721053928
"273" 0.28 0.292 0.268 0.309608204362541
"274" 0.78 0.785 0.802 0.72376161961871
"275" 0.689 0.707 0.716 0.664758116633265
"276" 0.713 0.689 0.707 0.68101377693105
"277" 0.967 0.966 0.982 0.876776720470314
"278" 0.378 0.362 0.376 0.414436644168686
"279" 0.676 0.688 0.724 0.677614533416329
"280" 0.306 0.295 0.31 0.338640268867144
"281" 0.846 0.826 0.851 0.772996638873442
"282" 0.609 0.627 0.642 0.601930973686646
"283" 0.689 0.697 0.679 0.657306010954756
"284" 0.377 0.392 0.385 0.427631701919289
"285" 0.5 0.508 0.491 0.514120156199095
"286" 0.513 0.489 0.52 0.521566128629987
"287" 0.768 0.795 0.785 0.751611433999033
"288" 0.36 0.381 0.355 0.38665083912151
"289" 0.725 0.718 0.74 0.678415035474354
"290" 0.036 0.043 0.041 0.0332102727383572
"291" 0.25 0.287 0.296 0.307017707304813
"292" 0.228 0.217 0.202 0.267689284126552
"293" 0.396 0.409 0.429 0.419075430785875
"294" 0.155 0.176 0.181 0.205808787135557
"295" 0.095 0.092 0.111 0.120812809556359
"296" 0.303 0.264 0.292 0.321071258973432
"297" 0.665 0.646 0.663 0.636960655456316
"298" 0.443 0.466 0.48 0.47685863345744
"299" 0.484 0.497 0.484 0.491803842221714
"300" 0.682 0.649 0.694 0.656322948661724
"301" 0.953 0.958 0.972 0.874695769314357
"302" 0.572 0.594 0.595 0.59520886942103
"303" 0.269 0.272 0.292 0.320949896374874
"304" 0.539 0.547 0.538 0.541330534535287
"305" 0.124 0.133 0.114 0.1403045602276
"306" 0.242 0.247 0.266 0.274142495613251
"307" 0.388 0.394 0.439 0.446631750234504
"308" 0.23 0.232 0.244 0.259629499389867
"309" 0.09 0.088 0.089 0.0948606479079638
"310" 0.343 0.318 0.334 0.363422931033806
"311" 0.011 0.011 0.007 0.00828535831538046
"312" 0.307 0.279 0.299 0.319754743095017
"313" 0.048 0.046 0.042 0.0462068173357324
"314" 0.817 0.818 0.849 0.766633049013445
"315" 0.626 0.64 0.648 0.635345557313649
"316" 0.809 0.788 0.796 0.724753999705779
"317" 0.787 0.817 0.82 0.745157063506905
"318" 0.044 0.048 0.054 0.0533969892096665
"319" 0.35 0.379 0.368 0.385967156692714
"320" 0.506 0.54 0.571 0.546931531034737
"321" 0.817 0.827 0.823 0.791054528203447
"322" 0.374 0.379 0.401 0.418465110794427
"323" 0.335 0.342 0.344 0.375066721319042
"324" 0.079 0.068 0.07 0.0710161953845445
"325" 0.956 0.964 0.976 0.868810232029753
"326" 0.687 0.705 0.682 0.653041984196997
"327" 0.521 0.507 0.541 0.537841462197896
"328" 0.98 0.975 0.986 0.926392926298653
"329" 0.503 0.481 0.508 0.505726343888114
"330" 0.945 0.94 0.951 0.855446414523581
"331" 0.254 0.258 0.257 0.284954826332703
"332" 0.485 0.48 0.478 0.506001103599968
"333" 0.629 0.609 0.632 0.621850741590511
"334" 0.797 0.786 0.845 0.749047775219945
"335" 0.057 0.057 0.056 0.0560331260708047
"336" 0.234 0.231 0.202 0.257627762366079
"337" 0.908 0.895 0.933 0.814160502080263
"338" 0.772 0.778 0.812 0.720751721740199
"339" 0.951 0.957 0.957 0.868403095554725
"340" 0.019 0.026 0.02 0.0161039227517042
"341" 0.089 0.08 0.075 0.0874235033690536
"342" 0.296 0.331 0.324 0.344586429769132
"343" 0.107 0.12 0.126 0.137120409036982
"344" 0.244 0.214 0.213 0.262954824881711
"345" 0.656 0.666 0.675 0.640231740831219
"346" 0.515 0.504 0.537 0.530199437933497
"347" 0.066 0.069 0.055 0.0697372539475638
"348" 0.988 0.991 0.998 0.928808013721977
"349" 0.021 0.04 0.028 0.029899809273337
"350" 0.178 0.182 0.186 0.217308725007608
"351" 0.509 0.501 0.502 0.508968599060677
"352" 0.408 0.398 0.409 0.431255584087837
"353" 0.575 0.598 0.616 0.600087609383698
"354" 0.073 0.058 0.063 0.0679594455893028
"355" 0.949 0.943 0.945 0.871829076388288
"356" 0.345 0.38 0.374 0.397092664209396
"357" 0.148 0.157 0.177 0.184158341424539
"358" 0.118 0.15 0.135 0.153479604155094
"359" 0.029 0.011 0.013 0.0134583839364023
"360" 0.971 0.963 0.972 0.877338081977007
"361" 0.024 0.018 0.032 0.0278117894467038
"362" 0.556 0.554 0.594 0.564975500533455
"363" 0.415 0.433 0.399 0.43403083724111
"364" 0.118 0.117 0.107 0.126558116012205
"365" 0.727 0.712 0.747 0.684424090625696
"366" 0.075 0.064 0.094 0.0980008075819795
"367" 0.568 0.582 0.636 0.590282274998116
"368" 0.76 0.762 0.791 0.70042697325087
"369" 0.928 0.922 0.941 0.873848606950121
"370" 0.91 0.912 0.932 0.821847609143048
"371" 0.524 0.514 0.556 0.544342431226309
"372" 0.526 0.521 0.543 0.527138949364189
"373" 0.427 0.421 0.425 0.449356668922483
"374" 0.465 0.465 0.505 0.499494176514011
"375" 0.504 0.493 0.488 0.502690373280887
"376" 0.254 0.251 0.275 0.287734516594255
"377" 0.797 0.811 0.825 0.737484990290285
"378" 0.133 0.117 0.125 0.142179527880773
"379" 0.966 0.964 0.985 0.902843441620455
"380" 0.063 0.063 0.07 0.071951774504625
"381" 0.922 0.915 0.936 0.835185440450413
"382" 0.5 0.516 0.52 0.517253745399511
"383" 0.267 0.262 0.262 0.262559780032045
"384" 0.277 0.262 0.262 0.29718605776943
"385" 0.89 0.889 0.917 0.835317472186835
"386" 0.198 0.173 0.209 0.205652310585456
"387" 0.482 0.505 0.509 0.510620636552768
"388" 0.124 0.135 0.145 0.138440879082913
"389" 0.707 0.671 0.73 0.662871542183955
"390" 0.699 0.714 0.725 0.661267008379705
"391" 0.807 0.807 0.84 0.764873067026072
"392" 0.674 0.673 0.691 0.64678672013467
"393" 0.561 0.549 0.586 0.573846610630447
"394" 0.056 0.057 0.051 0.0540560902986712
"395" 0.509 0.497 0.518 0.526036721282128
"396" 0.518 0.528 0.575 0.547423690853174
"397" 0.023 0.031 0.033 0.0257846031265441
"398" 0.653 0.665 0.662 0.628716518579387
"399" 0.573 0.584 0.592 0.575231725908233
"400" 0.594 0.592 0.62 0.611725806375893
"401" 0.415 0.39 0.386 0.414266443679999
"402" 0.412 0.447 0.433 0.443285029720985
"403" 0.8 0.817 0.838 0.756275474125329
"404" 0.342 0.382 0.343 0.392706589702789
"405" 0.876 0.915 0.913 0.831365171484422
"406" 0.558 0.557 0.562 0.549633094869787
"407" 0.753 0.75 0.773 0.709368474956331
"408" 0.253 0.259 0.256 0.279903821054322
"409" 0.749 0.727 0.781 0.727378607049318
"410" 0.464 0.477 0.488 0.497401709263973
"411" 0.951 0.95 0.964 0.876127098251735
"412" 0.258 0.266 0.252 0.269923063109924
"413" 0.302 0.312 0.294 0.324208685322735
"414" 0.65 0.616 0.662 0.633289750380706
"415" 0.456 0.425 0.425 0.458664396051816
"416" 0.62 0.576 0.628 0.602765457690257
"417" 0.867 0.857 0.876 0.803054136835347
"418" 0.578 0.561 0.587 0.576327040262852
"419" 0.251 0.235 0.197 0.253062145983491
"420" 0.009 0.008 0.016 0.010717335080657
"421" 0.499 0.509 0.538 0.535238550146971
"422" 0.458 0.438 0.454 0.468326533079154
"423" 0.013 0.015 0.019 0.0111129883028744
"424" 0.184 0.146 0.17 0.184304133467787
"425" 0.493 0.482 0.503 0.509829454268271
"426" 0.716 0.71 0.708 0.669314163202456
"427" 0.427 0.406 0.426 0.446388744041923
"428" 0.568 0.558 0.53 0.547735723555952
"429" 0.101 0.103 0.113 0.105038863021576
"430" 0.287 0.271 0.299 0.328159860196968
"431" 0.634 0.616 0.638 0.613992087200525
"432" 0.749 0.771 0.77 0.723647079421333
"433" 0.27 0.271 0.254 0.293217989982152
"434" 0.515 0.552 0.517 0.548032062810985
"435" 0.966 0.972 0.981 0.910588169803355
"436" 0.771 0.783 0.772 0.718634548240022
"437" 0.135 0.139 0.161 0.175389867673104
"438" 0.856 0.842 0.86 0.765909957640667
"439" 0.987 0.985 0.991 0.896272242792264
"440" 0.891 0.881 0.907 0.824602175649583
"441" 0.033 0.036 0.038 0.0357817374001798
"442" 0.549 0.551 0.567 0.565116282961104
"443" 0.262 0.287 0.254 0.30195070602334
"444" 0.397 0.393 0.4 0.432317928827466
"445" 0.604 0.626 0.647 0.618013573989545
"446" 0.536 0.527 0.547 0.544435950761186
"447" 0.801 0.823 0.83 0.757457230042945
"448" 0.494 0.504 0.516 0.515267377375513
"449" 0.14 0.126 0.153 0.164482780191951
"450" 0.242 0.239 0.239 0.279551590337797
"451" 0.323 0.318 0.33 0.356097425780491
"452" 0.249 0.266 0.238 0.296555937976566
"453" 0.355 0.348 0.369 0.391195174311794
"454" 0.424 0.42 0.438 0.447638759491786
"455" 0.49 0.466 0.482 0.504034587481831
"456" 0.801 0.841 0.826 0.758393977967643
"457" 0.287 0.244 0.249 0.296143569198171
"458" 0.742 0.741 0.764 0.710854786956267
"459" 0.612 0.619 0.628 0.619083894740201
"460" 0.05 0.055 0.055 0.0457754312377381
"461" 0.24 0.261 0.223 0.268845822375292
"462" 0.604 0.615 0.611 0.596855591483485
"463" 0.09 0.076 0.103 0.0980044877696563
"464" 0.047 0.046 0.049 0.0495348635941487
"465" 0.602 0.561 0.567 0.56671846317216
"466" 0.208 0.206 0.227 0.232597694964406
"467" 0.374 0.405 0.385 0.415494928491551
"468" 0.28 0.248 0.304 0.294519880415049
"469" 0.763 0.742 0.787 0.718366103574703
"470" 0.64 0.665 0.687 0.637364245467464
"471" 0.151 0.13 0.151 0.168928761996502
"472" 0.834 0.847 0.843 0.776197202020015
"473" 0.067 0.079 0.085 0.0673091955079346
"474" 0.343 0.322 0.367 0.378479990798356
"475" 0.662 0.654 0.665 0.634392541388273
"476" 0.533 0.568 0.582 0.565338863870764
"477" 0.582 0.574 0.602 0.57535322675738
"478" 0.877 0.87 0.884 0.822987903872958
"479" 0.158 0.178 0.159 0.18894668513331
"480" 0.268 0.267 0.282 0.301396742505397
"481" 0.665 0.648 0.699 0.64520729159583
"482" 0.523 0.534 0.574 0.544541764831939
"483" 0.09 0.095 0.083 0.0989959370092863
"484" 0.153 0.14 0.156 0.161988158261733
"485" 0.559 0.569 0.561 0.56076904606591
"486" 0.639 0.633 0.673 0.634642247273016
"487" 0.82 0.817 0.842 0.767458910406596
"488" 0.149 0.143 0.178 0.164666683794864
"489" 0.013 0.008 0.016 0.00630832061624764
"490" 0.442 0.449 0.442 0.460707951037373
"491" 0.401 0.419 0.399 0.424478953796443
"492" 0.332 0.293 0.316 0.346224412831941
"493" 0.063 0.054 0.048 0.0570756847697514
"494" 0.461 0.454 0.45 0.470366548675086
"495" 0.068 0.06 0.075 0.0747380283328906
"496" 0.396 0.384 0.395 0.407158995118612
"497" 0.427 0.421 0.424 0.44810629689475
"498" 0.741 0.755 0.777 0.709186232200325
"499" 0.778 0.778 0.824 0.760069913379252
"500" 0.672 0.684 0.658 0.644551541270061
"501" 0.336 0.32 0.334 0.36483875304799
"502" 0.271 0.275 0.25 0.300003752730715
"503" 0.339 0.378 0.351 0.383189338386437
"504" 0.624 0.618 0.615 0.605307663392444
"505" 0.183 0.208 0.2 0.228154580560812
"506" 0.033 0.035 0.044 0.0383630937596087
"507" 0.29 0.323 0.339 0.350911046974793
"508" 0.232 0.232 0.255 0.253295842664091
"509" 0.852 0.871 0.86 0.789069675234177
"510" 0.338 0.322 0.341 0.35545621862301
"511" 0.163 0.168 0.168 0.187482516657692
"512" 0.341 0.358 0.355 0.380877105815894
"513" 0.701 0.698 0.732 0.681041472308064
"514" 0.303 0.253 0.3 0.332772692267903
"515" 0.604 0.63 0.634 0.604545378492353
"516" 0.656 0.661 0.629 0.633358247004703
"517" 0.015 0.017 0.025 0.0168938039946998
"518" 0.418 0.438 0.411 0.469179820940001
"519" 0.524 0.542 0.541 0.528881476863005
"520" 0.436 0.414 0.454 0.45965721524397
"521" 0.358 0.334 0.323 0.354041116890873
"522" 0.808 0.82 0.834 0.777364113669759
"523" 0.659 0.676 0.677 0.633307421765446
"524" 0.927 0.935 0.954 0.855487331790097
"525" 0.311 0.316 0.322 0.365029055878233
"526" 0.12 0.103 0.123 0.130775694320432
"527" 0.858 0.817 0.843 0.795464841865556
"528" 0.037 0.038 0.031 0.0294337911367111
"529" 0.436 0.47 0.457 0.477143903401847
"530" 0.423 0.44 0.414 0.445556276390481
"531" 0.21 0.22 0.207 0.232424400899208
"532" 0.566 0.558 0.565 0.57398717269856
"533" 0.097 0.087 0.089 0.0894380512211297
"534" 0.145 0.148 0.155 0.170367917373
"535" 0.919 0.902 0.918 0.827889395392079
"536" 0.334 0.354 0.381 0.404950938130619
"537" 0.197 0.175 0.192 0.216232810740082
"538" 0.126 0.124 0.144 0.134003996590673
"539" 0.942 0.945 0.964 0.846873090292936
"540" 0.248 0.241 0.244 0.281620984344329
"541" 0.499 0.514 0.515 0.52013779969204
"542" 0.394 0.365 0.384 0.415926829818459
"543" 0.285 0.282 0.318 0.328263900217043
"544" 0.624 0.609 0.593 0.590958351552406
"545" 0.272 0.261 0.281 0.302671078233768
"546" 0.209 0.216 0.209 0.243997826981747
"547" 0.302 0.306 0.31 0.355094963619925
"548" 0.763 0.762 0.77 0.729340496158525
"549" 0.311 0.318 0.345 0.367539936102871
"550" 0.333 0.33 0.298 0.341457461989258
"551" 0.233 0.246 0.261 0.271160464483328
"552" 0.541 0.581 0.551 0.558168350214202
"553" 0.725 0.702 0.738 0.675462327932948
"554" 0.895 0.897 0.91 0.803934454813039
"555" 0.809 0.773 0.759 0.706493716000347
"556" 0.393 0.367 0.408 0.428764094891734
"557" 0.704 0.704 0.709 0.680339370666872
"558" 0.546 0.538 0.545 0.53856498208705
"559" 0.145 0.149 0.17 0.167790637676666
"560" 0.666 0.675 0.685 0.646354431717356
"561" 0.236 0.273 0.245 0.304907752387194
"562" 0.082 0.093 0.117 0.107805990881621
"563" 0.009 0.008 0.014 0.00614028522946442
"564" 0.54 0.549 0.523 0.548066960423062
"565" 0.099 0.077 0.099 0.0875752738256315
"566" 0.331 0.286 0.294 0.327122447407597
"567" 0.096 0.083 0.08 0.0898352409139611
"568" 0.218 0.219 0.213 0.22943622409687
"569" 0.466 0.495 0.487 0.512529464218328
"570" 0.093 0.096 0.104 0.0935827799818147
"571" 0.754 0.769 0.774 0.725521347818802
"572" 0.312 0.307 0.313 0.349761978439788
"573" 0.536 0.519 0.545 0.534760719526947
"574" 0.612 0.611 0.6 0.605626199319854
"575" 0.596 0.614 0.634 0.601404615770728
"576" 0.941 0.929 0.958 0.872277926074195
"577" 0.836 0.82 0.864 0.775833170538509
"578" 0.747 0.759 0.752 0.711131089667835
"579" 0.343 0.335 0.358 0.379537153279166
"580" 0.085 0.088 0.084 0.100845896600333
"581" 0.354 0.368 0.373 0.398774184301624
"582" 0.606 0.594 0.592 0.580439680815256
"583" 0.702 0.681 0.732 0.686389432474
"584" 0.394 0.425 0.452 0.442940138809968
"585" 0.413 0.424 0.445 0.453617276364
"586" 0.148 0.153 0.16 0.187302984236376
"587" 0.674 0.665 0.686 0.651248845514384
"588" 0.949 0.956 0.972 0.897443702060458
"589" 0.37 0.363 0.401 0.399789410783428
"590" 0.791 0.839 0.836 0.761955689823191
"591" 0.216 0.245 0.22 0.259529508992157
"592" 0.243 0.24 0.242 0.277449629460791
"593" 0.942 0.937 0.951 0.86233990014066
"594" 0.414 0.383 0.407 0.433035726628246
"595" 0.458 0.44 0.438 0.457730845594276
"596" 0.155 0.148 0.167 0.169837027378135
"597" 0.042 0.042 0.043 0.0387471381660918
"598" 0.452 0.438 0.453 0.469386682459773
"599" 0.923 0.923 0.935 0.841264899575318
"600" 0.919 0.91 0.924 0.839854719897154
"601" 0.251 0.256 0.316 0.310200507450491
"602" 0.775 0.79 0.797 0.731018424411485
"603" 0.028 0.036 0.031 0.0227271138230114
"604" 0.482 0.507 0.506 0.507892470744485
"605" 0.809 0.823 0.814 0.735077193716873
"606" 0.521 0.533 0.55 0.537644716951296
"607" 0.609 0.626 0.631 0.626955810034237
"608" 0.944 0.941 0.958 0.858507214627179
"609" 0.377 0.36 0.363 0.403657740055323
"610" 0.999 1 0.998 0.972955666848561
"611" 0.057 0.048 0.064 0.0629900155991997
"612" 0.04 0.038 0.045 0.0445870791056971
"613" 0.336 0.36 0.347 0.378518978276298
"614" 0.384 0.404 0.397 0.426780728030175
"615" 0.01 0.004 0.01 0.00562004024724638
"616" 0.387 0.371 0.359 0.413011335087833
"617" 0.325 0.355 0.343 0.384681518693648
"618" 0.005 0.002 0.006 0.00215973701514738
"619" 0.777 0.777 0.804 0.739827774513685
"620" 0.53 0.527 0.578 0.542937579444419
"621" 0.103 0.1 0.117 0.119932275948845
"622" 0.648 0.646 0.662 0.624637755137044
"623" 0.502 0.509 0.503 0.529226849635261
"624" 0.505 0.502 0.527 0.518796512088692
"625" 0.229 0.234 0.239 0.258795383365867
"626" 0.248 0.235 0.274 0.297589868467585
"627" 0.762 0.733 0.751 0.689773425510682
"628" 0.458 0.471 0.484 0.487231686908745
"629" 0.241 0.213 0.217 0.254594503601115
"630" 0.396 0.36 0.379 0.391171463378964
"631" 0.019 0.023 0.017 0.0175217197794192
"632" 0.438 0.417 0.431 0.440988965420476
"633" 0.554 0.545 0.572 0.550830871871979
"634" 0.87 0.888 0.897 0.801132861833257
"635" 0.826 0.839 0.852 0.76907147091899
"636" 0.907 0.902 0.931 0.83750735337103
"637" 0.014 0.018 0.024 0.0162140806814319
"638" 0.334 0.301 0.327 0.354311044073388
"639" 0.278 0.275 0.274 0.297364481689761
"640" 0.489 0.515 0.538 0.516803178011339
"641" 0.546 0.592 0.6 0.581427297938256
"642" 0.737 0.73 0.754 0.69804269772921
"643" 0.047 0.048 0.055 0.0485754897668111
"644" 0.535 0.545 0.543 0.547241651646764
"645" 0.404 0.374 0.35 0.397303719983787
"646" 0.552 0.543 0.52 0.538434060505753
"647" 0.776 0.769 0.775 0.725638339135754
"648" 0.675 0.688 0.685 0.650623648219901
"649" 0.376 0.385 0.395 0.409227470990574
"650" 0.587 0.627 0.608 0.600031383904039
"651" 0.201 0.178 0.213 0.229595372536741
"652" 0.111 0.113 0.118 0.118386913912228
"653" 0.584 0.558 0.564 0.565335364710323
"654" 0.042 0.042 0.047 0.0394799317258866
"655" 0.088 0.096 0.098 0.0880105807505657
"656" 0.684 0.668 0.657 0.645740955086108
"657" 0.529 0.527 0.537 0.532305995787407
"658" 0.616 0.61 0.595 0.601931229156238
"659" 0.538 0.519 0.552 0.546653727497976
"660" 0.851 0.851 0.878 0.795634608926398
"661" 0.846 0.871 0.859 0.788714614135262
"662" 0.15 0.13 0.131 0.154728759136369
"663" 0.077 0.068 0.094 0.0933732809932686
"664" 0.733 0.729 0.751 0.708313292372859
"665" 0.798 0.77 0.805 0.730247798750236
"666" 0.314 0.282 0.308 0.333790220820716
"667" 0.125 0.11 0.121 0.135046611192436
"668" 0.875 0.888 0.905 0.812912474736484
"669" 0.86 0.88 0.88 0.779076520903452
"670" 0.258 0.264 0.271 0.293465385707441
"671" 0.871 0.888 0.898 0.824140326957414
"672" 0.621 0.651 0.664 0.621028977035206
"673" 0.146 0.162 0.143 0.17757597912992
"674" 0.608 0.635 0.641 0.60666556378329
"675" 0.857 0.838 0.874 0.764217907263773
"676" 0.145 0.149 0.158 0.159545689294756
"677" 0.353 0.367 0.407 0.401510148080883
"678" 0.465 0.421 0.457 0.464128098335854
"679" 0.277 0.258 0.252 0.300706555715279
"680" 0.312 0.339 0.328 0.359024271808639
"681" 0.143 0.131 0.122 0.14725416453251
"682" 0.744 0.738 0.738 0.719154580080771
"683" 0.787 0.787 0.796 0.739376580545101
"684" 0.069 0.077 0.08 0.0862312994131365
"685" 0.006 0.014 0.009 0.00664427695901559
"686" 0.102 0.096 0.101 0.114501039920034
"687" 0.969 0.967 0.982 0.913744693538792
"688" 0.455 0.482 0.485 0.485369625840185
"689" 0.394 0.415 0.391 0.418486869009489
"690" 0.229 0.234 0.242 0.269515446236479
"691" 0.469 0.49 0.472 0.502047708154099
"692" 0.764 0.783 0.788 0.718802636433346
"693" 0.753 0.731 0.791 0.718839629718637
"694" 0.293 0.287 0.274 0.294358247914927
"695" 0.974 0.974 0.981 0.907862205855318
"696" 0.077 0.083 0.084 0.0830821039843674
"697" 0.86 0.852 0.893 0.780115426349112
"698" 0.002 0.005 0.004 0.00230951521195211
"699" 0.441 0.483 0.447 0.473384902214453
"700" 0.798 0.807 0.82 0.731566292123743
"701" 0.434 0.385 0.399 0.421265497860704
"702" 0.818 0.797 0.838 0.735798416057294
"703" 0.255 0.263 0.278 0.310821775604318
"704" 0.761 0.746 0.812 0.724579913185271
"705" 0.595 0.59 0.587 0.576951314766688
"706" 0.873 0.873 0.907 0.800273992669693
"707" 0.117 0.144 0.145 0.148258335880843
"708" 0.675 0.69 0.73 0.662477663120491
"709" 0.213 0.206 0.227 0.252595863414117
"710" 0.35 0.383 0.377 0.393345306324072
"711" 0.242 0.249 0.267 0.282027039322479
"712" 0.609 0.591 0.627 0.596514590425507
"713" 0.221 0.224 0.212 0.242247226656082
"714" 0.646 0.643 0.623 0.61457874069353
"715" 0.08 0.086 0.076 0.0876824078349412
"716" 0.098 0.134 0.094 0.131654349102647
"717" 0.813 0.805 0.82 0.75810618259259
"718" 0.576 0.554 0.579 0.568494281194579
"719" 0.032 0.024 0.028 0.0227670134163918
"720" 0.228 0.232 0.222 0.272425314946584
"721" 0.668 0.684 0.69 0.647672318163195
"722" 0.025 0.024 0.016 0.018403426547573
"723" 0.033 0.034 0.033 0.0407272624786071
"724" 0.387 0.392 0.393 0.418903708269947
"725" 0.249 0.271 0.284 0.294570203436927
"726" 0.303 0.312 0.336 0.353278320094844
"727" 0.253 0.237 0.289 0.28343566109032
"728" 0.087 0.125 0.086 0.120311610922544
"729" 0.48 0.479 0.507 0.501756899323374
"730" 0.793 0.812 0.851 0.754697130302561
"731" 0.729 0.714 0.727 0.693334619306944
"732" 0.673 0.675 0.678 0.653561387177791
"733" 0.57 0.564 0.596 0.572219958035604
"734" 0.245 0.219 0.231 0.276940734228029
"735" 0.232 0.226 0.226 0.239618267645688
"736" 0.111 0.109 0.106 0.123178034999349
"737" 0.665 0.693 0.66 0.650468281682774
"738" 0.277 0.248 0.265 0.292788741060968
"739" 0.407 0.428 0.433 0.444930082584107
"740" 0.316 0.331 0.288 0.333958261500791
"741" 0.453 0.442 0.469 0.474458346155942
"742" 0.595 0.605 0.612 0.602789370103199
"743" 0.326 0.332 0.317 0.355203714384477
"744" 0.869 0.85 0.878 0.774768232415808
"745" 0.353 0.373 0.389 0.397213461026467
"746" 0.645 0.703 0.695 0.650114131785588
"747" 0.857 0.851 0.866 0.78765878455214
"748" 0.995 0.993 0.995 0.93816459097275
"749" 0.708 0.715 0.725 0.679071542530301
"750" 0.763 0.799 0.819 0.760521979532903
"751" 0.089 0.091 0.107 0.107895611892849
"752" 0.952 0.935 0.962 0.863116084032675
"753" 0.49 0.534 0.552 0.531369816387171
"754" 0.192 0.194 0.21 0.231455201750646
"755" 0.709 0.713 0.751 0.684122365366201
"756" 0.822 0.827 0.851 0.792400248378833
"757" 0.582 0.555 0.599 0.579304149696278
"758" 0.665 0.69 0.676 0.660654394639863
"759" 0.485 0.483 0.488 0.499215769896713
"760" 0.607 0.597 0.607 0.584278533238382
"761" 0.38 0.403 0.392 0.408435161965067
"762" 0.223 0.213 0.23 0.24159364261024
"763" 0.632 0.665 0.663 0.63648758108867
"764" 0.659 0.665 0.691 0.658433081449822
"765" 0.087 0.071 0.073 0.0899084117537802
"766" 0.735 0.738 0.767 0.681093333215104
"767" 0.698 0.741 0.725 0.679199307332618
"768" 0.82 0.829 0.836 0.768737981398555
"769" 0.757 0.761 0.788 0.726095772302469
"770" 0.67 0.654 0.66 0.651388442860693
"771" 0.468 0.455 0.442 0.481786713737841
"772" 0.61 0.586 0.561 0.585020997122932
"773" 0.981 0.985 0.989 0.929915638826759
"774" 0.266 0.295 0.328 0.33350953578861
"775" 0.312 0.328 0.34 0.358064472344209
"776" 0.48 0.451 0.491 0.486229767217493
"777" 0.639 0.628 0.64 0.622849064243349
"778" 0.807 0.787 0.83 0.747634266298811
"779" 0.743 0.73 0.755 0.6856250549241
"780" 0.475 0.467 0.492 0.4813023772425
"781" 0.281 0.3 0.302 0.33122524167574
"782" 0.18 0.212 0.22 0.219484427178394
"783" 0.022 0.035 0.039 0.0252190604180212
"784" 0.924 0.931 0.945 0.833955786623838
"785" 0.597 0.574 0.598 0.585705659597563
"786" 0.161 0.196 0.17 0.187566308487936
"787" 0.187 0.179 0.191 0.204825758064057
"788" 0.268 0.335 0.304 0.338537037137547
"789" 0.311 0.299 0.325 0.338068054244943
"790" 0.363 0.354 0.356 0.385050386907675
"791" 0.753 0.736 0.763 0.710126952445483
"792" 0.794 0.833 0.839 0.747885053794443
"793" 0.511 0.519 0.514 0.515214726179826
"794" 0.747 0.752 0.789 0.722076706732033
"795" 0.322 0.358 0.341 0.381598217824899
"796" 0.356 0.374 0.378 0.400232860316092
"797" 0.15 0.149 0.143 0.167989160056948
"798" 0.844 0.869 0.881 0.791365983386834
"799" 0.03 0.036 0.042 0.0290480004630069
"800" 0.5 0.505 0.535 0.529939049804521
"801" 0.313 0.313 0.336 0.363115153628169
"802" 0.725 0.738 0.706 0.680972806032121
"803" 0.973 0.973 0.976 0.895449598699101
"804" 0.375 0.377 0.395 0.42179001663519
"805" 0.455 0.452 0.495 0.48479362088359
"806" 0.249 0.246 0.27 0.266343812761953
"807" 0.499 0.47 0.485 0.498478426956183
"808" 0.401 0.383 0.401 0.428298025737338
"809" 0.801 0.82 0.804 0.739657442872048
"810" 0.109 0.107 0.117 0.116122146288747
"811" 0.607 0.611 0.65 0.605510283554132
"812" 0.825 0.849 0.864 0.79286745189305
"813" 0.719 0.689 0.7 0.678390608428509
"814" 0.292 0.308 0.298 0.332550896445328
"815" 0.452 0.456 0.479 0.451599290545244
"816" 0.32 0.346 0.332 0.36395341196381
"817" 0 0.001 0.002 0.000179727539476593
"818" 0.173 0.169 0.19 0.193606575805119
"819" 0.316 0.313 0.32 0.357257483630376
"820" 0.026 0.041 0.03 0.0193285776411737
"821" 0.517 0.515 0.534 0.531634214777594
"822" 0.688 0.71 0.722 0.688329414313867
"823" 0.901 0.906 0.899 0.829335249004944
"824" 0.371 0.387 0.352 0.402781217726696
"825" 0.336 0.344 0.349 0.367499620558418
"826" 0.234 0.23 0.261 0.281035855130667
"827" 0.941 0.937 0.936 0.846395269542593
"828" 0.873 0.87 0.878 0.802480952112849
"829" 0.087 0.065 0.074 0.0760782764876712
"830" 0.915 0.893 0.921 0.825328531639795
"831" 0.053 0.06 0.069 0.0635717845400691
"832" 0.333 0.323 0.337 0.380120154015545
"833" 0.631 0.641 0.648 0.62305941677688
"834" 0.482 0.485 0.486 0.500987843501434
"835" 0.264 0.235 0.242 0.283395896272636
"836" 0.763 0.739 0.752 0.712137693819881
"837" 0.092 0.109 0.11 0.112623087606493
"838" 0.037 0.041 0.043 0.036885710417617
"839" 0.182 0.193 0.166 0.206658092846971
"840" 0.402 0.427 0.436 0.451013005967335
"841" 0.19 0.207 0.189 0.224572673625185
"842" 0.972 0.983 0.983 0.896219995733657
"843" 0.758 0.752 0.799 0.722800660194471
"844" 0.948 0.935 0.949 0.872108253203328
"845" 0.108 0.108 0.122 0.125947392649567
"846" 0.371 0.38 0.354 0.406792918952394
"847" 0.829 0.8 0.795 0.750243821457978
"848" 0.891 0.9 0.916 0.815708024462921
"849" 0.34 0.305 0.357 0.365699944071365
"850" 0.567 0.576 0.605 0.569871075432794
"851" 0.353 0.362 0.392 0.375082891025494
"852" 0.58 0.549 0.584 0.553688458232652
"853" 0.773 0.777 0.758 0.714501644070422
"854" 0.255 0.226 0.228 0.274878655108349
"855" 0.072 0.078 0.085 0.0787081123244576
"856" 0.351 0.325 0.385 0.385862505875432
"857" 0.892 0.9 0.901 0.812202599058175
"858" 0.013 0.033 0.045 0.0265942462256892
"859" 0.88 0.887 0.912 0.808863837566398
"860" 0.457 0.414 0.47 0.46327196452674
"861" 0.821 0.834 0.842 0.764881527160322
"862" 0.497 0.55 0.5 0.519869707861332
"863" 0.898 0.917 0.915 0.827756766510063
"864" 0.251 0.266 0.253 0.288835678834147
"865" 0.794 0.801 0.844 0.76365558394031
"866" 0.461 0.416 0.461 0.462736223634389
"867" 0.636 0.68 0.665 0.641789927906647
"868" 0.386 0.417 0.392 0.438988782309158
"869" 0.703 0.682 0.726 0.676975783748239
"870" 0.542 0.544 0.553 0.548810745083171
"871" 0.461 0.487 0.495 0.480450007251929
"872" 0.116 0.107 0.102 0.12210121251614
"873" 0.992 0.988 0.993 0.932103857721091
"874" 0.717 0.745 0.745 0.67682578019436
"875" 0.417 0.398 0.418 0.438249022289391
"876" 0.722 0.709 0.739 0.704986161852463
"877" 0.249 0.241 0.218 0.275867490560991
"878" 0.225 0.22 0.217 0.255515851082684
"879" 0.421 0.44 0.453 0.453638094463641
"880" 0.494 0.544 0.554 0.538925592123576
"881" 0.886 0.907 0.916 0.825090891827534
"882" 0.008 0.01 0.016 0.00593174490710624
"883" 0.905 0.895 0.919 0.872385308731465
"884" 0.945 0.925 0.945 0.865261036364489
"885" 0.656 0.666 0.689 0.651022968636895
"886" 0.189 0.19 0.185 0.208976539543695
"887" 0.374 0.389 0.371 0.403116605311435
"888" 0.531 0.515 0.51 0.530648489878209
"889" 0.498 0.472 0.505 0.516392963263939
"890" 0.814 0.824 0.858 0.750708320189004
"891" 0.64 0.642 0.686 0.640768983679379
"892" 0.466 0.476 0.478 0.500432371846076
"893" 0.485 0.49 0.489 0.509906122663795
"894" 0.364 0.402 0.371 0.395345178874712
"895" 0.672 0.634 0.68 0.64053737395783
"896" 0.047 0.043 0.049 0.0488690399613942
"897" 0.785 0.782 0.798 0.730119174557538
"898" 0.579 0.557 0.586 0.573104872964177
"899" 0.973 0.985 0.988 0.934000022108469
"900" 0.65 0.663 0.675 0.648756362830239
"901" 0.833 0.832 0.839 0.757922814264646
"902" 0.228 0.226 0.285 0.27923044186442
"903" 0.879 0.892 0.9 0.799166665401085
"904" 0.061 0.056 0.063 0.0591211454582358
"905" 0.69 0.695 0.744 0.663253954797531
"906" 0.133 0.128 0.146 0.160315693647848
"907" 0.525 0.51 0.564 0.537278025579691
"908" 0.155 0.143 0.133 0.154847490234695
"909" 0.565 0.559 0.554 0.561885886629272
"910" 0.068 0.08 0.078 0.0977356437301719
"911" 0.501 0.485 0.48 0.50325090429938
"912" 0.107 0.111 0.108 0.121200082980272
"913" 0.021 0.029 0.024 0.0222918944619633
"914" 0.51 0.532 0.561 0.544018808061988
"915" 0.415 0.442 0.416 0.452965999821639
"916" 0.256 0.245 0.264 0.275996648587042
"917" 0.696 0.706 0.748 0.673370955424215
"918" 0.992 0.996 0.998 0.954756229357945
"919" 0.152 0.166 0.176 0.184422546017792
"920" 0.214 0.202 0.193 0.22749112932728
"921" 0.821 0.805 0.851 0.759496360983579
"922" 0.279 0.29 0.293 0.323722626476808
"923" 0.083 0.103 0.096 0.113012764684351
"924" 0.645 0.626 0.65 0.62189712003781
"925" 0.518 0.462 0.506 0.496964810057756
"926" 0.54 0.531 0.565 0.553542541049635
"927" 0.239 0.219 0.239 0.275390385373866
"928" 0.202 0.209 0.212 0.242600014827951
"929" 0.35 0.304 0.299 0.340423161854465
"930" 0.571 0.582 0.602 0.563662337705906
"931" 0.184 0.187 0.194 0.223894846401528
"932" 0.096 0.114 0.124 0.135197641086309
"933" 0.153 0.156 0.156 0.182622088222024
"934" 0.921 0.919 0.915 0.836780943588477
"935" 0.467 0.472 0.458 0.475306935530496
"936" 0.093 0.099 0.122 0.120495907971885
"937" 0.253 0.272 0.258 0.301025983563694
"938" 0.109 0.115 0.126 0.126798060798601
"939" 0.037 0.029 0.05 0.0413110923604575
"940" 0.538 0.557 0.533 0.531700600628537
"941" 0.335 0.339 0.338 0.36712550560351
"942" 0.266 0.268 0.299 0.314049866692514
"943" 0.886 0.865 0.893 0.79310573000586
"944" 0.845 0.831 0.821 0.775526917968891
"945" 0.856 0.861 0.868 0.789691221106801
"946" 0.519 0.521 0.555 0.540741955018393
"947" 0.754 0.747 0.754 0.721663655582181
"948" 0.527 0.523 0.537 0.54350506984925
"949" 0.877 0.875 0.892 0.808785526667757
"950" 0.411 0.437 0.411 0.45115832932662
"951" 0.939 0.952 0.956 0.83662879763209
"952" 0.078 0.088 0.109 0.0974077835926057
"953" 0.676 0.688 0.697 0.663640446582415
"954" 0.764 0.778 0.775 0.711330187098539
"955" 0.641 0.641 0.672 0.635658860170812
"956" 0.552 0.594 0.584 0.569697556300073
"957" 0.226 0.218 0.232 0.264656301615855
"958" 0.567 0.578 0.595 0.577332304234847
"959" 0.761 0.732 0.771 0.729700771443671
"960" 0.727 0.701 0.715 0.683181399093672
"961" 0.756 0.742 0.761 0.724966182068538
"962" 0.256 0.291 0.273 0.294820644543305
"963" 0.087 0.071 0.088 0.0941887763999392
"964" 0.841 0.818 0.845 0.767682450888137
"965" 0.13 0.122 0.138 0.151993735131751
"966" 0.601 0.619 0.615 0.597547449657358
"967" 0.074 0.085 0.08 0.086660901020792
"968" 0.086 0.087 0.088 0.0900099355494148
"969" 0.225 0.211 0.2 0.253400446760505
"970" 0.643 0.66 0.657 0.628580396075085
"971" 0.496 0.472 0.495 0.500988820855543
"972" 0.746 0.776 0.778 0.725105486523839
"973" 0.594 0.556 0.563 0.577896695082632
"974" 0.529 0.551 0.561 0.548235690974071
"975" 0.442 0.426 0.442 0.460805307696172
"976" 0.882 0.893 0.905 0.838898260600378
"977" 0.845 0.86 0.866 0.803633948470748
"978" 0.623 0.61 0.638 0.613928304961862
"979" 0.561 0.604 0.578 0.575195487314688
"980" 0.886 0.869 0.896 0.790449227494569
"981" 0.76 0.77 0.796 0.760352838496804
"982" 0.11 0.098 0.117 0.123930911733507
"983" 0.734 0.726 0.762 0.713251248530889
"984" 0.936 0.944 0.942 0.867492345968992
"985" 0.349 0.371 0.375 0.392024100230554
"986" 0.221 0.224 0.244 0.258584751452694
"987" 0.578 0.601 0.599 0.569677484434245
"988" 0.935 0.946 0.953 0.862572456692644
"989" 0.381 0.376 0.372 0.409513203861649
"990" 0.736 0.726 0.746 0.697276967160062
"991" 0.816 0.845 0.842 0.75830790629715
"992" 0.192 0.183 0.203 0.221916647298601
"993" 0.124 0.115 0.135 0.13900239959953
"994" 0.282 0.271 0.277 0.306390296626392
"995" 0.583 0.613 0.631 0.58630530152214
"996" 0.551 0.536 0.537 0.533754387205941
"997" 0.649 0.661 0.663 0.636593683012216
"998" 0.06 0.059 0.074 0.0643262327094284
"999" 0.096 0.081 0.083 0.0899780804622485
"1000" 0.665 0.705 0.688 0.648455479973555
