"A" "B" "P" "BT"
"1" 0.224 0.235 0.223 0.252473015214147
"2" 0.509 0.518 0.517 0.538977913411395
"3" 0.5 0.453 0.484 0.489917503537773
"4" 0.89 0.878 0.905 0.79885300004595
"5" 0.635 0.628 0.649 0.615208574353357
"6" 0.862 0.85 0.868 0.797982442740407
"7" 0.956 0.962 0.975 0.900564516857522
"8" 0.113 0.128 0.128 0.140673237895228
"9" 0.558 0.539 0.571 0.562651629628209
"10" 0.38 0.395 0.409 0.428502001066168
"11" 0.465 0.462 0.484 0.494447228476034
"12" 0.809 0.808 0.847 0.779317366638377
"13" 0.013 0.007 0.004 0.00593932554359788
"14" 0.312 0.295 0.298 0.316079667101618
"15" 0.74 0.735 0.766 0.709320613137308
"16" 0.3 0.262 0.256 0.285282157608747
"17" 0.09 0.091 0.104 0.107806621637508
"18" 0.587 0.566 0.627 0.579252983321927
"19" 0.148 0.161 0.132 0.164873669613614
"20" 0.126 0.115 0.113 0.145425014009232
"21" 0.337 0.354 0.377 0.369011715846318
"22" 0.894 0.904 0.913 0.838067647741832
"23" 0.842 0.848 0.859 0.800645644547419
"24" 0.631 0.635 0.676 0.649281899007351
"25" 0.326 0.314 0.337 0.350562452549151
"26" 0.462 0.456 0.474 0.482972435090582
"27" 0.806 0.811 0.823 0.78324512286238
"28" 0.504 0.514 0.484 0.515548871968631
"29" 0.695 0.647 0.688 0.645244711044489
"30" 0.135 0.108 0.131 0.128017931489811
"31" 0.746 0.728 0.773 0.708628559702416
"32" 0.495 0.462 0.467 0.498216113709372
"33" 0.652 0.668 0.669 0.666271357633589
"34" 0.976 0.982 0.99 0.929727650830006
"35" 0.558 0.55 0.57 0.567985030742049
"36" 0.978 0.975 0.976 0.911165322660072
"37" 0.707 0.711 0.751 0.690589248383516
"38" 0.304 0.314 0.339 0.334489857806328
"39" 0.538 0.559 0.546 0.55458780075311
"40" 0.787 0.783 0.814 0.750146424944961
"41" 0.165 0.167 0.156 0.17430490451729
"42" 0.621 0.605 0.648 0.610782467265151
"43" 0.225 0.225 0.233 0.249602692746467
"44" 0.906 0.886 0.925 0.822839058508949
"45" 0.988 0.992 0.992 0.946622978978684
"46" 0.202 0.209 0.204 0.215351882535766
"47" 0.554 0.553 0.56 0.558769536573418
"48" 0.463 0.464 0.495 0.496516729683219
"49" 0.139 0.151 0.16 0.176912952033248
"50" 0.989 0.998 0.995 0.934486750434194
"51" 0.406 0.406 0.439 0.433828544569607
"52" 0.511 0.49 0.487 0.502720298818966
"53" 0.779 0.788 0.802 0.755121390107067
"54" 0.326 0.37 0.346 0.381475664744626
"55" 0.6 0.624 0.654 0.596513562023896
"56" 0.316 0.358 0.318 0.382311618671004
"57" 0.77 0.776 0.794 0.740576066431735
"58" 0.949 0.94 0.961 0.892819324766755
"59" 0.709 0.712 0.714 0.68255379171246
"60" 0.852 0.875 0.886 0.794004814243431
"61" 0.162 0.151 0.168 0.192599105588602
"62" 0.732 0.772 0.78 0.709189557063572
"63" 0.784 0.809 0.807 0.763883202824885
"64" 0.121 0.135 0.13 0.151275004244398
"65" 0.349 0.352 0.35 0.366049291466564
"66" 0.199 0.148 0.17 0.189678905262926
"67" 0.179 0.184 0.173 0.196623135736075
"68" 0.683 0.675 0.685 0.650811777995811
"69" 0.565 0.546 0.586 0.559347433859996
"70" 0.622 0.606 0.628 0.597986491970898
"71" 0.36 0.347 0.324 0.382245330897701
"72" 0.486 0.504 0.52 0.51062594303508
"73" 0.739 0.747 0.743 0.68723170999667
"74" 0.708 0.69 0.723 0.677628906133898
"75" 0.302 0.293 0.306 0.326269656200384
"76" 0.835 0.83 0.838 0.770018342737446
"77" 0.611 0.586 0.619 0.597364026039415
"78" 0.582 0.589 0.615 0.598216474200129
"79" 0.734 0.701 0.735 0.700599935855654
"80" 0.373 0.386 0.385 0.414366785767099
"81" 0.092 0.085 0.097 0.102562319148308
"82" 0.163 0.137 0.159 0.168176486222521
"83" 0.071 0.077 0.087 0.0714567748959893
"84" 0.534 0.537 0.535 0.542554705492197
"85" 0.333 0.285 0.331 0.355658029112964
"86" 0.607 0.608 0.613 0.605183522949809
"87" 0.215 0.188 0.225 0.225609405167541
"88" 0.845 0.859 0.882 0.799939725780582
"89" 0.149 0.179 0.165 0.183621657399154
"90" 0.547 0.53 0.547 0.557837917567439
"91" 0.583 0.588 0.613 0.594557843522003
"92" 0.819 0.84 0.828 0.749250966938259
"93" 0.808 0.817 0.846 0.786231165135763
"94" 0.023 0.024 0.025 0.0215373627387246
"95" 0.061 0.049 0.052 0.0529437356498232
"96" 0.059 0.067 0.065 0.0602555791069183
"97" 0.088 0.093 0.105 0.101626479216332
"98" 0.909 0.903 0.918 0.848697894023396
"99" 0.745 0.72 0.749 0.691973855572687
"100" 0.814 0.804 0.823 0.75212388195647
"101" 0.159 0.155 0.15 0.17738526115845
"102" 0.709 0.679 0.713 0.663291670039096
"103" 0.209 0.185 0.18 0.211522464702009
"104" 0.858 0.837 0.875 0.801021584867297
"105" 0.608 0.579 0.626 0.604505503852173
"106" 0.058 0.059 0.054 0.0552377764227202
"107" 0.725 0.739 0.729 0.691748069530875
"108" 0.774 0.818 0.812 0.760216011185841
"109" 0.619 0.611 0.608 0.603877900780288
"110" 0.882 0.857 0.886 0.804857566406895
"111" 0.708 0.739 0.729 0.693133289009489
"112" 0.945 0.949 0.949 0.89617642093396
"113" 0.906 0.91 0.935 0.856589831498205
"114" 0.928 0.939 0.932 0.871005523870485
"115" 0.321 0.285 0.314 0.345724819591251
"116" 0.521 0.522 0.537 0.524844129933888
"117" 0.769 0.78 0.77 0.720028454589557
"118" 0.115 0.131 0.125 0.148689963839679
"119" 0.375 0.375 0.368 0.400088898960198
"120" 0.995 0.997 0.999 0.968075353983916
"121" 0.713 0.744 0.727 0.685958601400753
"122" 0.452 0.463 0.481 0.487197381371493
"123" 0.105 0.119 0.099 0.105084044834886
"124" 0.149 0.159 0.151 0.164165356954695
"125" 0.629 0.646 0.673 0.638406094428741
"126" 0.198 0.191 0.189 0.212881127883907
"127" 0.686 0.652 0.695 0.643007291048593
"128" 0.941 0.94 0.957 0.887340674863328
"129" 0.334 0.309 0.307 0.330788028953181
"130" 0.291 0.289 0.321 0.353185369143137
"131" 0.323 0.325 0.331 0.349922614182938
"132" 0.217 0.199 0.205 0.240725574322363
"133" 0.735 0.718 0.759 0.716097026601325
"134" 0.696 0.73 0.752 0.704502722235899
"135" 0.156 0.124 0.131 0.148924745234281
"136" 0.213 0.236 0.26 0.267768935505382
"137" 0.775 0.767 0.777 0.727029231966392
"138" 0.447 0.43 0.457 0.475246509940676
"139" 0.213 0.274 0.204 0.254792725377149
"140" 0.131 0.118 0.142 0.152741040345982
"141" 0.414 0.415 0.402 0.438504267988183
"142" 0.965 0.95 0.972 0.895233469485658
"143" 0.928 0.929 0.962 0.879696285217361
"144" 0.685 0.695 0.711 0.676259744898445
"145" 0.222 0.225 0.218 0.242301143027047
"146" 0.703 0.728 0.71 0.681975699629069
"147" 0.792 0.753 0.779 0.736648665269465
"148" 0.39 0.407 0.399 0.422884472899441
"149" 0.203 0.214 0.225 0.251172945786473
"150" 0.779 0.793 0.79 0.720509787008048
"151" 0.274 0.278 0.312 0.321210370035815
"152" 0.932 0.923 0.942 0.866771917115453
"153" 0.867 0.874 0.872 0.82497799764309
"154" 0.379 0.347 0.37 0.387770909004215
"155" 0.738 0.736 0.756 0.707929427026897
"156" 0.846 0.84 0.873 0.775157723439986
"157" 0.317 0.338 0.316 0.354746506306005
"158" 0.239 0.227 0.229 0.257342706094597
"159" 0.164 0.172 0.186 0.184256305014098
"160" 0.915 0.92 0.944 0.867293305629895
"161" 0.227 0.231 0.227 0.23897356999159
"162" 0.501 0.476 0.509 0.496566198686176
"163" 0.557 0.538 0.536 0.55241762700513
"164" 0.337 0.337 0.346 0.382646909621094
"165" 0.061 0.069 0.074 0.0708483061369762
"166" 0.525 0.506 0.535 0.532923802793398
"167" 0.354 0.374 0.368 0.38169827141655
"168" 0.413 0.408 0.429 0.444495012061347
"169" 0.408 0.426 0.427 0.442428576894182
"170" 0.715 0.705 0.767 0.703261992034889
"171" 0.122 0.095 0.117 0.110666577516091
"172" 0.245 0.23 0.241 0.286387990213464
"173" 0.251 0.263 0.266 0.284153074565094
"174" 0.054 0.043 0.066 0.046498225479116
"175" 0.297 0.294 0.264 0.313526332802664
"176" 0.01 0.006 0.006 0.00474095197069013
"177" 0.875 0.881 0.892 0.82284733338438
"178" 0.147 0.149 0.163 0.1701201356207
"179" 0.305 0.313 0.314 0.338661832440277
"180" 0.061 0.057 0.054 0.0669152562907147
"181" 0.717 0.692 0.723 0.671792796273464
"182" 0.29 0.328 0.308 0.327727107463269
"183" 0.586 0.579 0.616 0.583579515992344
"184" 0.69 0.661 0.682 0.66518825169239
"185" 0.307 0.324 0.331 0.339513797733551
"186" 0.497 0.491 0.512 0.519215755089953
"187" 0.073 0.078 0.083 0.0765213427496571
"188" 0.516 0.526 0.52 0.525858265786231
"189" 0.632 0.633 0.653 0.615203696092192
"190" 0.137 0.129 0.123 0.145567087694006
"191" 0.682 0.677 0.682 0.656426257209121
"192" 0.576 0.587 0.611 0.602566768418384
"193" 0.43 0.415 0.441 0.445342954885513
"194" 0.22 0.255 0.259 0.279441973853355
"195" 0.835 0.855 0.874 0.815488229421938
"196" 0.06 0.065 0.07 0.0751922161700422
"197" 0.194 0.173 0.161 0.208545646621869
"198" 0.678 0.7 0.711 0.663444203053237
"199" 0.576 0.592 0.59 0.58775922596295
"200" 0.438 0.437 0.435 0.452786706819749
"201" 0.495 0.491 0.537 0.509304377401898
"202" 0.852 0.81 0.836 0.786735706256534
"203" 0.425 0.423 0.44 0.458380375586921
"204" 0.099 0.104 0.115 0.124821829976452
"205" 0.099 0.105 0.112 0.106269616337546
"206" 0.715 0.735 0.73 0.693533147557796
"207" 0.434 0.424 0.398 0.439114633641808
"208" 0.568 0.553 0.582 0.577168088094052
"209" 0.728 0.768 0.798 0.733578630253972
"210" 0.648 0.651 0.655 0.646235975238814
"211" 0.844 0.815 0.871 0.794191462992677
"212" 0.37 0.383 0.384 0.382415990454586
"213" 0.166 0.172 0.162 0.179445962724508
"214" 0.43 0.404 0.42 0.43433252627345
"215" 0.475 0.471 0.463 0.473127680447559
"216" 0.318 0.334 0.347 0.381842783834576
"217" 0.146 0.175 0.14 0.172916421504236
"218" 0.963 0.957 0.969 0.900115087683752
"219" 0.652 0.624 0.692 0.643257311880528
"220" 0.76 0.776 0.773 0.723321681225272
"221" 0.142 0.15 0.172 0.178912862336893
"222" 0.184 0.194 0.175 0.217684536692269
"223" 0.43 0.45 0.458 0.466530423515275
"224" 0.014 0.005 0.01 0.00575172374996158
"225" 0.594 0.615 0.65 0.623313978310279
"226" 0.856 0.853 0.862 0.790540274817862
"227" 0.47 0.477 0.48 0.492319225719746
"228" 0.953 0.97 0.985 0.903880614927792
"229" 0.718 0.68 0.709 0.679630220923704
"230" 0.575 0.552 0.597 0.581320636821351
"231" 0.439 0.458 0.467 0.476421088673661
"232" 0.05 0.05 0.05 0.0539994627722358
"233" 0.746 0.741 0.745 0.703474479733125
"234" 0.138 0.137 0.139 0.155155251226466
"235" 0.893 0.872 0.883 0.808464734374738
"236" 0.948 0.938 0.956 0.894152827981748
"237" 0.15 0.143 0.144 0.157980334638164
"238" 0.093 0.081 0.092 0.0830188909242321
"239" 0.116 0.123 0.114 0.123877377983645
"240" 0.905 0.909 0.9 0.855398750708849
"241" 0.898 0.882 0.896 0.839342598668118
"242" 0.799 0.792 0.8 0.733434304686701
"243" 0.341 0.378 0.359 0.375007874297253
"244" 0.016 0.02 0.018 0.0151664464103665
"245" 0.108 0.085 0.106 0.107999242841469
"246" 0.352 0.366 0.352 0.379177166168305
"247" 0.076 0.09 0.085 0.0829665080101814
"248" 0.903 0.93 0.926 0.85840284398309
"249" 0.071 0.064 0.074 0.0731565024621141
"250" 0.543 0.532 0.569 0.545807522154512
"251" 0.242 0.214 0.211 0.263507725310142
"252" 0.704 0.732 0.732 0.687566702468333
"253" 0.298 0.289 0.308 0.332546067574455
"254" 0.917 0.899 0.928 0.853186095335635
"255" 0.155 0.154 0.158 0.180473613008361
"256" 0.01 0.004 0.008 0.003280180838657
"257" 0.704 0.706 0.723 0.681604866797258
"258" 0.425 0.442 0.441 0.462746497745561
"259" 0.549 0.567 0.575 0.564246161316636
"260" 0.756 0.772 0.801 0.757096476348552
"261" 0.251 0.254 0.254 0.276882243469682
"262" 0.085 0.091 0.089 0.103259116616488
"263" 0.736 0.727 0.727 0.689505342703936
"264" 0.65 0.648 0.657 0.632236378164764
"265" 0.908 0.901 0.921 0.860272418227802
"266" 0.375 0.406 0.413 0.421190392094572
"267" 0.993 0.992 0.996 0.936797963237898
"268" 0.992 0.989 0.994 0.964874520012112
"269" 0.084 0.102 0.107 0.0941785057854834
"270" 0.949 0.953 0.976 0.902445003184846
"271" 0.429 0.431 0.403 0.457046304311542
"272" 0.659 0.668 0.674 0.641340974086604
"273" 0.548 0.532 0.601 0.568444111142093
"274" 0.37 0.357 0.363 0.415128170368627
"275" 0.997 0.993 0.994 0.950631015916578
"276" 0.737 0.71 0.759 0.689081946366541
"277" 0.001 0.007 0.004 0.00205290308212769
"278" 0.275 0.255 0.253 0.297342642616754
"279" 0.691 0.705 0.723 0.669877953651358
"280" 0.897 0.865 0.913 0.853548525030202
"281" 0.393 0.428 0.384 0.436053604743957
"282" 0.566 0.562 0.568 0.542481879200843
"283" 0.097 0.101 0.147 0.106556688477441
"284" 0.784 0.784 0.796 0.717180874390826
"285" 0.597 0.608 0.605 0.602821453647764
"286" 0.187 0.174 0.184 0.196562238906129
"287" 0.436 0.416 0.475 0.474719603503621
"288" 0.886 0.866 0.904 0.843217630100291
"289" 0.054 0.058 0.048 0.0526052179904565
"290" 0.595 0.598 0.616 0.602176073220384
"291" 0.306 0.294 0.278 0.318291132550676
"292" 0.073 0.067 0.08 0.0717126935422479
"293" 0.121 0.123 0.12 0.152166186351579
"294" 0.105 0.108 0.114 0.118213300203217
"295" 0.435 0.437 0.423 0.474376662038733
"296" 0.283 0.248 0.285 0.297799495593331
"297" 0.745 0.741 0.771 0.742251338051832
"298" 0.92 0.92 0.938 0.82405915522909
"299" 0.322 0.377 0.381 0.380474195936828
"300" 0.251 0.237 0.252 0.259759389547265
"301" 0.812 0.771 0.821 0.75424257885901
"302" 0.736 0.736 0.743 0.712707531747114
"303" 0.442 0.443 0.455 0.478523788862951
"304" 0.138 0.135 0.122 0.154290271345597
"305" 0.487 0.509 0.515 0.521810660419958
"306" 0.64 0.649 0.649 0.62132474151958
"307" 0.266 0.287 0.28 0.296919783841324
"308" 0.362 0.37 0.398 0.409669570471796
"309" 0.767 0.712 0.755 0.70417730239028
"310" 0.091 0.087 0.096 0.103798379530042
"311" 0.631 0.643 0.663 0.634687103516022
"312" 0.94 0.946 0.95 0.865283691284082
"313" 0.645 0.644 0.661 0.632923493278943
"314" 0.536 0.551 0.546 0.560284964051105
"315" 0.953 0.947 0.957 0.852136914382695
"316" 0.051 0.034 0.047 0.0482721695296704
"317" 0.845 0.86 0.882 0.774552205412342
"318" 0.451 0.458 0.435 0.475938181235079
"319" 0.813 0.789 0.833 0.747174357297582
"320" 0.552 0.552 0.533 0.557797441905718
"321" 0.802 0.834 0.833 0.763664022097377
"322" 0.044 0.03 0.036 0.0348150775770876
"323" 0.55 0.581 0.561 0.564548820429651
"324" 0.63 0.647 0.618 0.604896119601252
"325" 0.884 0.857 0.88 0.82590022534044
"326" 0.287 0.302 0.264 0.308873698074177
"327" 0.55 0.517 0.541 0.544618935395375
"328" 0.616 0.639 0.659 0.615283168218276
"329" 0.427 0.448 0.469 0.465542091131654
"330" 0.648 0.659 0.677 0.650153851185062
"331" 0.202 0.182 0.199 0.219690253274666
"332" 0.123 0.141 0.142 0.14187609926633
"333" 0.631 0.608 0.685 0.624980186838178
"334" 0.525 0.506 0.534 0.529138044487046
"335" 0.504 0.44 0.453 0.49060715371631
"336" 0.265 0.293 0.266 0.300356433070314
"337" 0.281 0.257 0.312 0.286741873112104
"338" 0.73 0.76 0.767 0.713500142829824
"339" 0.576 0.593 0.559 0.584557495107835
"340" 0.007 0.009 0.017 0.00510351534571785
"341" 0.354 0.332 0.305 0.355806463817889
"342" 0.495 0.476 0.503 0.499952656701018
"343" 0.168 0.207 0.211 0.222553761332244
"344" 0.731 0.725 0.768 0.701673466383773
"345" 0.327 0.341 0.361 0.373679774275259
"346" 0.28 0.305 0.334 0.333951572638585
"347" 0.218 0.208 0.22 0.240366682498873
"348" 0.035 0.041 0.045 0.0392509412221831
"349" 0.803 0.808 0.828 0.761112461131121
"350" 0.452 0.471 0.522 0.498392186024892
"351" 0.4 0.412 0.44 0.437284707143046
"352" 0.861 0.853 0.873 0.809400986154414
"353" 0.092 0.091 0.095 0.112623718840607
"354" 0.831 0.831 0.845 0.776389112572964
"355" 0.747 0.754 0.791 0.719878552742892
"356" 0.799 0.813 0.813 0.742502284182056
"357" 0.026 0.014 0.02 0.012438991218537
"358" 0.815 0.855 0.846 0.759360789227712
"359" 0.423 0.404 0.438 0.447373140381518
"360" 0.782 0.79 0.796 0.752647493867255
"361" 0.084 0.103 0.089 0.0974270657627468
"362" 0.089 0.1 0.101 0.101993529751065
"363" 0.868 0.89 0.898 0.833247701798969
"364" 0.224 0.25 0.259 0.288388980747559
"365" 0.58 0.553 0.579 0.576733831160082
"366" 0.359 0.345 0.323 0.393376508409491
"367" 0.565 0.551 0.566 0.561334546975147
"368" 0.428 0.427 0.431 0.437580152131016
"369" 0.413 0.415 0.443 0.446705285979808
"370" 0.736 0.744 0.777 0.711382727221209
"371" 0.553 0.519 0.523 0.530286545840782
"372" 0.892 0.907 0.924 0.84598424122934
"373" 0.248 0.235 0.23 0.259480736037814
"374" 0.425 0.403 0.454 0.460633772486454
"375" 0.062 0.057 0.053 0.0671191740823475
"376" 0.448 0.453 0.47 0.475898309536889
"377" 0.302 0.277 0.296 0.327558036523998
"378" 0.878 0.876 0.896 0.829157451446721
"379" 0.073 0.079 0.076 0.0761399704305731
"380" 0.886 0.893 0.906 0.830171736601526
"381" 0.111 0.111 0.104 0.113370960177039
"382" 0.392 0.413 0.421 0.438639223233221
"383" 0.733 0.741 0.76 0.73282907076638
"384" 0.428 0.431 0.441 0.453654673847445
"385" 0.429 0.456 0.453 0.453067765735696
"386" 0.694 0.716 0.744 0.689439256155674
"387" 0.383 0.407 0.438 0.431000723701059
"388" 0.617 0.616 0.633 0.614313677519036
"389" 0.272 0.283 0.29 0.319207671696474
"390" 0.035 0.036 0.051 0.041740954072586
"391" 0.587 0.608 0.632 0.602630489857493
"392" 0.045 0.042 0.039 0.0391821163849246
"393" 0.592 0.593 0.626 0.588174700555772
"394" 0.487 0.492 0.509 0.512678528781283
"395" 0.039 0.054 0.051 0.043536752596134
"396" 0.186 0.193 0.23 0.215479393874633
"397" 0.67 0.662 0.678 0.63396213285668
"398" 0.28 0.296 0.273 0.32262978488183
"399" 0.756 0.783 0.802 0.734161613177064
"400" 0.652 0.656 0.653 0.634905230250432
"401" 0.423 0.441 0.442 0.449891449256438
"402" 0.159 0.145 0.152 0.185851614849392
"403" 0.04 0.017 0.032 0.0225664863614777
"404" 0.337 0.343 0.304 0.374382164578669
"405" 0.894 0.882 0.894 0.817166872115665
"406" 0.117 0.118 0.092 0.126023505685364
"407" 0.226 0.256 0.253 0.284189406072037
"408" 0.25 0.279 0.274 0.293041702272682
"409" 0.508 0.511 0.505 0.527959210850113
"410" 0.086 0.069 0.069 0.081377388630945
"411" 0.04 0.053 0.045 0.0429111685309742
"412" 0.137 0.144 0.124 0.148238183228799
"413" 0.217 0.182 0.213 0.219959981715892
"414" 0.693 0.727 0.743 0.706362451734949
"415" 0.681 0.658 0.67 0.653988836653878
"416" 0.816 0.807 0.847 0.760961322259967
"417" 0.024 0.017 0.021 0.0138642404913287
"418" 0.138 0.152 0.139 0.173385872475389
"419" 0.444 0.421 0.441 0.465720861056327
"420" 0.103 0.116 0.14 0.130353941235335
"421" 0.759 0.759 0.755 0.717606824179822
"422" 0.405 0.437 0.426 0.451531978786728
"423" 0.286 0.277 0.326 0.329439529566211
"424" 0.284 0.285 0.312 0.329607511640423
"425" 0.176 0.191 0.187 0.209284120927931
"426" 0.84 0.873 0.878 0.796371145195512
"427" 0.762 0.762 0.761 0.691422907597054
"428" 0.843 0.829 0.857 0.789040238027758
"429" 0.824 0.824 0.82 0.753603613558794
"430" 0.193 0.17 0.19 0.216624256942104
"431" 0.896 0.912 0.928 0.833052775538825
"432" 0.298 0.29 0.283 0.32963174569679
"433" 0.159 0.178 0.164 0.184060002400513
"434" 0.811 0.816 0.811 0.762100417070576
"435" 0.171 0.136 0.161 0.186871748706796
"436" 0.826 0.835 0.819 0.765453245893247
"437" 0.763 0.772 0.798 0.75465980359956
"438" 0.438 0.469 0.482 0.48491839471203
"439" 0.323 0.334 0.338 0.354192930934465
"440" 0.798 0.799 0.827 0.765231047711814
"441" 0.75 0.776 0.768 0.724136283047411
"442" 0.904 0.883 0.919 0.857698768552753
"443" 0.805 0.82 0.849 0.775186920786328
"444" 0.212 0.182 0.187 0.2274908192466
"445" 0.22 0.204 0.19 0.213874118173371
"446" 0.057 0.041 0.041 0.0411272071122244
"447" 0.782 0.775 0.789 0.753122800499589
"448" 0.41 0.391 0.386 0.430520812718168
"449" 0.454 0.468 0.483 0.491220441968818
"450" 0.553 0.569 0.571 0.573048051730941
"451" 0.511 0.512 0.516 0.524298897004992
"452" 0.66 0.681 0.695 0.665848518836904
"453" 0.615 0.665 0.671 0.641276048994854
"454" 0.458 0.449 0.458 0.476035487877566
"455" 0.03 0.017 0.022 0.0190689418229595
"456" 0.819 0.821 0.845 0.792117567183274
"457" 0.917 0.918 0.93 0.851740766228035
"458" 0.805 0.823 0.819 0.762637859767401
"459" 0.083 0.098 0.095 0.0975825630232535
"460" 0.172 0.217 0.188 0.211248627881401
"461" 0.23 0.258 0.228 0.281456331797525
"462" 0.115 0.113 0.135 0.142430911365958
"463" 0.008 0.005 0.009 0.00431188365175361
"464" 0.459 0.495 0.5 0.488467547718141
"465" 0.169 0.169 0.167 0.197848199127005
"466" 0.278 0.274 0.302 0.313799145573203
"467" 0.916 0.905 0.926 0.828146815260007
"468" 0.041 0.043 0.054 0.0358294128891963
"469" 0.194 0.196 0.194 0.222979485156452
"470" 0.219 0.196 0.235 0.235598564211987
"471" 0.981 0.982 0.989 0.91745269812159
"472" 0.807 0.798 0.833 0.760356575916521
"473" 0.49 0.484 0.515 0.519251042570458
"474" 0.813 0.827 0.839 0.781609152093515
"475" 0.09 0.103 0.097 0.110599987107202
"476" 0.093 0.102 0.101 0.10316965334183
"477" 0.878 0.884 0.91 0.836606060960256
"478" 0.401 0.386 0.425 0.425129666127049
"479" 0.047 0.052 0.037 0.0477146743132979
"480" 0.441 0.448 0.464 0.482816556020392
"481" 0.479 0.523 0.511 0.530163463445776
"482" 0.381 0.373 0.39 0.392865802425018
"483" 0.7 0.668 0.704 0.643126507209471
"484" 0.107 0.118 0.103 0.123151981528293
"485" 0.666 0.67 0.699 0.668936501783017
"486" 0.948 0.946 0.964 0.878121531180854
"487" 0.792 0.802 0.807 0.741236193669149
"488" 0.902 0.901 0.936 0.85184539363801
"489" 0.376 0.373 0.393 0.39105938046093
"490" 0.052 0.053 0.044 0.0451047241609476
"491" 0.107 0.096 0.11 0.13207702627922
"492" 0.677 0.658 0.685 0.657623776734982
"493" 0.178 0.172 0.192 0.21319264724831
"494" 0.722 0.742 0.731 0.713773596194988
"495" 0.585 0.58 0.606 0.59493081499844
"496" 0.723 0.757 0.745 0.717440315475515
"497" 0.008 0.013 0.012 0.00986808435531927
"498" 0.297 0.318 0.319 0.342884727106088
"499" 0.622 0.636 0.617 0.635622643067591
"500" 0.888 0.879 0.888 0.811640223441422
"501" 0.686 0.689 0.726 0.682121239928167
"502" 0.957 0.968 0.977 0.910177573665084
"503" 0.4 0.413 0.425 0.427240848676794
"504" 0.782 0.75 0.818 0.754107225809995
"505" 0.93 0.944 0.95 0.856306876675175
"506" 0.778 0.799 0.8 0.770044779754393
"507" 0.442 0.439 0.46 0.478154740164851
"508" 0.335 0.363 0.378 0.394302164695308
"509" 0.885 0.878 0.896 0.828102020358096
"510" 0.026 0.042 0.043 0.0364575625811666
"511" 0.175 0.189 0.166 0.195199182831721
"512" 0.447 0.445 0.469 0.476942332796418
"513" 0.009 0.016 0.011 0.00861348110476079
"514" 0.169 0.164 0.171 0.179225816336899
"515" 0.466 0.468 0.501 0.491454106247453
"516" 0.654 0.63 0.7 0.631655671165407
"517" 0.023 0.03 0.02 0.0253457294213886
"518" 0.333 0.359 0.35 0.398757125342134
"519" 0.538 0.572 0.567 0.558487738237111
"520" 0.828 0.858 0.864 0.781130013468167
"521" 0.51 0.53 0.54 0.526781194512074
"522" 0.133 0.144 0.135 0.166306160148568
"523" 0.713 0.715 0.717 0.671327096592049
"524" 0.469 0.458 0.457 0.487085710871055
"525" 0.565 0.567 0.582 0.579517697574333
"526" 0.074 0.076 0.079 0.0824181976175732
"527" 0.86 0.863 0.872 0.813477003518231
"528" 0.898 0.92 0.919 0.85554468631649
"529" 0.853 0.858 0.888 0.787102355106187
"530" 0.617 0.619 0.623 0.603458621073097
"531" 0.712 0.736 0.732 0.67022955192182
"532" 0.241 0.222 0.214 0.267192767669254
"533" 0.255 0.271 0.267 0.297153056330167
"534" 0.418 0.429 0.413 0.442134848019392
"535" 0.31 0.302 0.298 0.33546198445635
"536" 0.761 0.758 0.77 0.702483772551911
"537" 0.83 0.825 0.851 0.770153057426092
"538" 0.147 0.161 0.167 0.189685320926315
"539" 0.752 0.757 0.781 0.731312058237501
"540" 0.159 0.161 0.167 0.176597465437406
"541" 0.41 0.429 0.429 0.439797358567398
"542" 0.758 0.719 0.739 0.693684736834171
"543" 0.981 0.974 0.982 0.929226409600836
"544" 0.628 0.653 0.645 0.622170896237767
"545" 0.777 0.764 0.802 0.737610068079901
"546" 0.013 0.012 0.014 0.0086044981789628
"547" 0.017 0.021 0.022 0.0152900168152014
"548" 0.31 0.305 0.311 0.342881313757607
"549" 0.368 0.348 0.387 0.390904671160803
"550" 0.23 0.221 0.211 0.255555547733351
"551" 0.339 0.363 0.353 0.373819349359982
"552" 0.424 0.438 0.441 0.462273903913073
"553" 0.749 0.757 0.761 0.72017174999096
"554" 0.941 0.936 0.964 0.867432944620393
"555" 0.495 0.5 0.47 0.497516343529485
"556" 0.163 0.18 0.159 0.196521063095802
"557" 0.518 0.547 0.537 0.546892242722165
"558" 0.267 0.257 0.238 0.284131286893319
"559" 0.253 0.251 0.277 0.29067778274282
"560" 0.572 0.572 0.616 0.589041483177237
"561" 0.647 0.64 0.63 0.631307748939617
"562" 0.751 0.756 0.791 0.714657313037781
"563" 0.275 0.264 0.272 0.281635962064045
"564" 0.35 0.355 0.372 0.390309709905927
"565" 0.29 0.269 0.291 0.305579782650711
"566" 0.266 0.291 0.303 0.301480635745112
"567" 0.655 0.662 0.693 0.656448898864574
"568" 0.342 0.322 0.329 0.357741807464972
"569" 0.289 0.309 0.304 0.32424092766795
"570" 0.127 0.109 0.134 0.148577391700441
"571" 0.219 0.244 0.22 0.273215021203993
"572" 0.001 0 0 4.77184413647525e-05
"573" 0.994 0.989 0.997 0.955022411595812
"574" 0.798 0.81 0.814 0.774895821023911
"575" 0.959 0.965 0.973 0.906061137969467
"576" 0.247 0.255 0.26 0.277339348018365
"577" 0.079 0.085 0.076 0.0844035712212462
"578" 0.954 0.948 0.951 0.882152045042676
"579" 0.006 0.005 0.008 0.00345034111039499
"580" 0.278 0.267 0.271 0.293146289563153
"581" 0.87 0.863 0.854 0.777756347734018
"582" 0.086 0.087 0.072 0.0909785216456342
"583" 0.434 0.408 0.42 0.443591602409693
"584" 0.176 0.189 0.177 0.199607048693515
"585" 0.701 0.696 0.729 0.689009027741472
"586" 0.771 0.787 0.811 0.732909538768007
"587" 0.86 0.875 0.907 0.815998703915477
"588" 0.473 0.468 0.475 0.482914688676854
"589" 0.152 0.139 0.141 0.166437611207433
"590" 0.063 0.075 0.066 0.0627022701767523
"591" 0.391 0.376 0.418 0.430157923727314
"592" 0.261 0.281 0.29 0.312018917428584
"593" 0.262 0.249 0.284 0.286862350768036
"594" 0.12 0.13 0.145 0.130196135790472
"595" 0.697 0.708 0.713 0.66967246099574
"596" 0.447 0.457 0.465 0.462941201078703
"597" 0.856 0.853 0.864 0.794432600528347
"598" 0.084 0.093 0.103 0.106701331427955
"599" 0.896 0.893 0.91 0.840983095780723
"600" 0.544 0.567 0.561 0.566584278709112
"601" 0.54 0.534 0.565 0.554480103792879
"602" 0.345 0.351 0.368 0.368517641719714
"603" 0.991 0.992 0.996 0.947822370331784
"604" 0.711 0.714 0.749 0.707769336678844
"605" 0.11 0.11 0.103 0.137823880750791
"606" 0.531 0.527 0.549 0.556580036467756
"607" 0.3 0.298 0.297 0.318359057003366
"608" 0.588 0.603 0.651 0.623424550446983
"609" 0.812 0.835 0.832 0.786873483811351
"610" 0.63 0.66 0.668 0.649162051627898
"611" 0.521 0.516 0.526 0.543105559337415
"612" 0.804 0.83 0.805 0.784204274134691
"613" 0.917 0.92 0.918 0.854346184181473
"614" 0.436 0.408 0.452 0.460771488408893
"615" 0.091 0.089 0.074 0.0835393888044305
"616" 0.227 0.248 0.228 0.266154711374893
"617" 0.336 0.349 0.335 0.358663869122773
"618" 0.775 0.736 0.77 0.72906471920374
"619" 0.055 0.06 0.055 0.0621321300114809
"620" 0.52 0.474 0.521 0.50770500785561
"621" 0.702 0.705 0.711 0.669150140633504
"622" 0.006 0.008 0.003 0.00394379001069123
"623" 0.245 0.209 0.224 0.24671687841302
"624" 0.044 0.041 0.053 0.0391434948163213
"625" 0.327 0.354 0.371 0.387610269372803
"626" 0.564 0.581 0.598 0.589788747165657
"627" 0.649 0.658 0.694 0.662625697450207
"628" 0.157 0.159 0.194 0.19612522044102
"629" 0.023 0.024 0.027 0.0247909088309967
"630" 0.056 0.043 0.047 0.0519436398912504
"631" 0.812 0.806 0.836 0.778709469345856
"632" 0.048 0.048 0.049 0.0415414855547689
"633" 0.31 0.328 0.336 0.35450303753089
"634" 0.887 0.904 0.919 0.815112343993117
"635" 0.023 0.029 0.027 0.022676152643252
"636" 0.229 0.229 0.243 0.265554908763263
"637" 0.574 0.605 0.623 0.581717613194119
"638" 0.478 0.446 0.513 0.482280657077486
"639" 0.386 0.334 0.386 0.400598039815445
"640" 0.956 0.953 0.962 0.901435770955556
"641" 0.04 0.044 0.055 0.0473558683805902
"642" 0.763 0.755 0.78 0.725886134361505
"643" 0.762 0.768 0.784 0.718650182165293
"644" 0.598 0.609 0.61 0.616065805153662
"645" 0.048 0.044 0.044 0.045582116214725
"646" 0.619 0.605 0.6 0.597566633002505
"647" 0.099 0.094 0.104 0.107466749658759
"648" 0.812 0.8 0.802 0.755731616886855
"649" 0.138 0.128 0.129 0.162344905461245
"650" 0.243 0.241 0.254 0.266326242417863
"651" 0.143 0.152 0.151 0.170730116461674
"652" 0.065 0.05 0.061 0.0656057699385411
"653" 0.202 0.223 0.219 0.25369609231726
"654" 0.594 0.567 0.589 0.582298507216719
"655" 0.318 0.314 0.358 0.362196984312548
"656" 0.779 0.789 0.816 0.756318291572647
"657" 0.909 0.903 0.913 0.854090763104556
"658" 0.547 0.536 0.543 0.550582253599352
"659" 0.462 0.453 0.477 0.485935875991968
"660" 0.038 0.037 0.047 0.0387947602287213
"661" 0.821 0.825 0.835 0.741327825677332
"662" 0.323 0.312 0.322 0.353810483774437
"663" 0.895 0.897 0.916 0.856982504947175
"664" 0.402 0.431 0.404 0.43619185752957
"665" 0.791 0.79 0.815 0.753675412926677
"666" 0.996 0.989 0.998 0.95100095106374
"667" 0.584 0.58 0.564 0.58005726919748
"668" 0.64 0.691 0.688 0.648169073576976
"669" 0.713 0.702 0.73 0.686798796710934
"670" 0.889 0.882 0.911 0.831296326921523
"671" 0.317 0.306 0.332 0.334674080705304
"672" 0.114 0.112 0.105 0.121782741242663
"673" 0.802 0.827 0.854 0.792126552159618
"674" 0.747 0.775 0.796 0.735302542494022
"675" 0.228 0.233 0.201 0.228856696165763
"676" 0.491 0.482 0.535 0.520317154568493
"677" 0.78 0.791 0.8 0.749094614035231
"678" 0.561 0.561 0.598 0.565333109403608
"679" 0.469 0.501 0.45 0.477044613186238
"680" 0.059 0.058 0.066 0.0688738195328422
"681" 0.61 0.616 0.621 0.592225146684303
"682" 0.101 0.098 0.083 0.096768406422724
"683" 0.817 0.822 0.86 0.788433677560095
"684" 0.879 0.868 0.874 0.813335306972744
"685" 0.506 0.504 0.488 0.518354305672003
"686" 0.93 0.938 0.949 0.861050158178853
"687" 0.355 0.33 0.35 0.371560597095767
"688" 0.335 0.336 0.351 0.372918003988795
"689" 0.239 0.23 0.227 0.251588394565773
"690" 0.587 0.593 0.604 0.573425681859133
"691" 0.733 0.752 0.779 0.723658269118727
"692" 0.646 0.643 0.66 0.637272375971773
"693" 0.631 0.607 0.643 0.627702755213376
"694" 0.608 0.608 0.605 0.597185661348603
"695" 0.611 0.613 0.642 0.610491153547602
"696" 0.379 0.348 0.388 0.396228150523359
"697" 0.78 0.824 0.801 0.746401306951006
"698" 0.851 0.827 0.861 0.80305050919444
"699" 0.26 0.233 0.259 0.279767892448248
"700" 0.042 0.041 0.043 0.0438001187539744
"701" 0.022 0.029 0.032 0.0187091223183198
"702" 0.317 0.319 0.318 0.328578433395847
"703" 0.748 0.754 0.735 0.697563210635395
"704" 0.545 0.561 0.625 0.559309302721414
"705" 0 0 0.001 6.30502683546252e-05
"706" 0.528 0.497 0.542 0.540477159060202
"707" 0.32 0.336 0.361 0.370163471004099
"708" 0.492 0.496 0.545 0.515539200375748
"709" 0.194 0.159 0.161 0.195228844483379
"710" 0.25 0.254 0.254 0.281211174409105
"711" 0.409 0.424 0.444 0.460263825394475
"712" 0.694 0.691 0.705 0.68306338957626
"713" 0.499 0.501 0.517 0.512106125934494
"714" 0.827 0.832 0.854 0.770068686157968
"715" 0.046 0.035 0.04 0.0499176322765278
"716" 0.194 0.195 0.191 0.217997938040612
"717" 0.776 0.781 0.791 0.738255630076253
"718" 0.534 0.488 0.525 0.523185428373672
"719" 0.287 0.289 0.285 0.318811326621867
"720" 0.035 0.028 0.037 0.0314681898200228
"721" 0.41 0.4 0.44 0.432426890992972
"722" 0.899 0.935 0.954 0.865218006163683
"723" 0.889 0.902 0.916 0.81922406715258
"724" 0.463 0.456 0.49 0.492020899710917
"725" 0.463 0.487 0.468 0.493339124037395
"726" 0.485 0.477 0.516 0.496733955354037
"727" 0.059 0.049 0.055 0.0557011320263984
"728" 0.917 0.904 0.914 0.856384714018674
"729" 0.212 0.215 0.224 0.246028480818239
"730" 0.027 0.019 0.02 0.023457929563119
"731" 0.009 0.006 0.005 0.00464950670598663
"732" 0.346 0.337 0.328 0.372057786676175
"733" 0.989 0.987 0.992 0.914984290476744
"734" 0.519 0.488 0.519 0.516248425457567
"735" 0.974 0.983 0.986 0.922055784389185
"736" 0.345 0.391 0.362 0.385227561346695
"737" 0.095 0.096 0.087 0.108911251904498
"738" 0.899 0.894 0.9 0.844590348421047
"739" 0.288 0.291 0.275 0.310703668474658
"740" 0.724 0.747 0.755 0.700376623287501
"741" 0.682 0.654 0.681 0.643772670641985
"742" 0.392 0.355 0.386 0.411063149042137
"743" 0.311 0.335 0.321 0.359285361670962
"744" 0.455 0.451 0.475 0.489795044759919
"745" 0.52 0.526 0.526 0.52160221999102
"746" 0.701 0.692 0.703 0.663476258017279
"747" 0.099 0.107 0.111 0.121430992238568
"748" 0.326 0.344 0.359 0.377587192105916
"749" 0.02 0.015 0.018 0.0159705894812816
"750" 0.523 0.535 0.531 0.54036978339029
"751" 0.038 0.033 0.038 0.0320508548938482
"752" 0.697 0.745 0.735 0.675582758169047
"753" 0.088 0.083 0.099 0.0941182547914532
"754" 0.021 0.014 0.018 0.0101095404705477
"755" 0.472 0.463 0.48 0.496069832098663
"756" 0.307 0.306 0.309 0.334007940716997
"757" 0.735 0.745 0.758 0.696642475530932
"758" 0.308 0.315 0.348 0.354388628981981
"759" 0.782 0.818 0.814 0.738396083695441
"760" 0.164 0.182 0.176 0.200898964024513
"761" 0.934 0.936 0.949 0.874553031980335
"762" 0.645 0.652 0.657 0.647041061320293
"763" 0.24 0.244 0.239 0.271988069451785
"764" 0.547 0.544 0.552 0.557816509676796
"765" 0.876 0.878 0.913 0.8416686866804
"766" 0.798 0.788 0.821 0.757734019990434
"767" 0.1 0.101 0.102 0.113755979721109
"768" 0.728 0.726 0.753 0.688449552597468
"769" 0.226 0.226 0.253 0.271875678065475
"770" 0.294 0.292 0.276 0.317919639630042
"771" 0.763 0.751 0.757 0.720924336207465
"772" 0.126 0.129 0.121 0.140809813351697
"773" 0.147 0.158 0.145 0.167914879386953
"774" 0.851 0.873 0.885 0.790231217991901
"775" 0.732 0.731 0.752 0.700482819285551
"776" 0.622 0.656 0.645 0.63120558175604
"777" 0.814 0.842 0.831 0.776319411051144
"778" 0.078 0.08 0.086 0.0926045706950214
"779" 0.362 0.366 0.383 0.398627960678134
"780" 0.931 0.936 0.946 0.875201346131783
"781" 0.938 0.936 0.948 0.868788133989416
"782" 0.334 0.327 0.335 0.355622841365061
"783" 0.369 0.363 0.399 0.414927082930258
"784" 0.24 0.233 0.259 0.28106452819571
"785" 0.678 0.688 0.705 0.673741053767665
"786" 0.59 0.584 0.614 0.594083422061402
"787" 0.798 0.791 0.806 0.754149887489482
"788" 0.946 0.94 0.96 0.873967167337866
"789" 0.907 0.918 0.957 0.85729627934449
"790" 0.348 0.342 0.32 0.363991097823402
"791" 0.859 0.879 0.89 0.823439493368612
"792" 0.737 0.747 0.779 0.713121380262896
"793" 0.432 0.418 0.46 0.464999186580634
"794" 0.746 0.753 0.779 0.725704722596552
"795" 0.877 0.891 0.905 0.819942530906333
"796" 0.513 0.514 0.55 0.544704896587597
"797" 0.486 0.497 0.49 0.502246031635725
"798" 0.449 0.452 0.454 0.467084509078076
"799" 0.316 0.316 0.295 0.345699632780747
"800" 0.105 0.088 0.099 0.112563480757883
"801" 0.451 0.464 0.455 0.464781789590777
"802" 0.249 0.277 0.283 0.321014452497523
"803" 0.192 0.213 0.229 0.223837460791832
"804" 0.5 0.475 0.542 0.51926364249474
"805" 0.77 0.76 0.774 0.726231798179377
"806" 0.424 0.441 0.437 0.462051944653566
"807" 0.255 0.255 0.241 0.276643058751948
"808" 0.899 0.925 0.915 0.84076088086404
"809" 0.884 0.903 0.888 0.81769979340975
"810" 0.222 0.232 0.221 0.263148277142179
"811" 0.403 0.408 0.406 0.433810229273536
"812" 0.754 0.76 0.76 0.711888249796323
"813" 0.243 0.219 0.22 0.23841248139956
"814" 0.711 0.719 0.722 0.683040671141331
"815" 0.805 0.813 0.824 0.793888637387542
"816" 0.299 0.322 0.335 0.35735659127058
"817" 0.678 0.671 0.662 0.651084169603611
"818" 0.514 0.504 0.487 0.514327634741966
"819" 0.668 0.692 0.676 0.670313420759249
"820" 0.415 0.404 0.396 0.424383271867094
"821" 0.3 0.318 0.281 0.337393869243519
"822" 0.787 0.739 0.777 0.731352285865397
"823" 0.21 0.213 0.175 0.228663689298627
"824" 0.798 0.786 0.788 0.752314377001598
"825" 0.386 0.373 0.375 0.418683211277885
"826" 0.787 0.767 0.79 0.743994657759236
"827" 0.199 0.197 0.207 0.21967104546668
"828" 0.637 0.667 0.671 0.640472488064334
"829" 0.319 0.302 0.299 0.343973753246937
"830" 0.689 0.692 0.72 0.674113121415188
"831" 0.877 0.889 0.901 0.811370624001413
"832" 0.365 0.354 0.386 0.40990238815658
"833" 0.191 0.187 0.2 0.233443446592098
"834" 0 0 0.001 0.000333237685760768
"835" 0.887 0.875 0.877 0.833261718009084
"836" 0.337 0.357 0.342 0.380309676535254
"837" 0.023 0.02 0.031 0.0230970353760437
"838" 0.827 0.841 0.838 0.773783367491426
"839" 0.568 0.538 0.571 0.563067671844753
"840" 0.008 0.012 0.02 0.0158774292246276
"841" 0.002 0.006 0.008 0.00364932906563886
"842" 0.13 0.136 0.121 0.146572429719786
"843" 0.235 0.208 0.209 0.232849731648613
"844" 0.195 0.224 0.198 0.233132167239043
"845" 0.982 0.986 0.987 0.912890507242342
"846" 0.65 0.659 0.636 0.632914724945445
"847" 0.165 0.153 0.195 0.184137317874453
"848" 0.216 0.2 0.234 0.240268464830021
"849" 0.644 0.648 0.673 0.637881681622659
"850" 0.675 0.692 0.676 0.646344483559108
"851" 0.652 0.646 0.665 0.637330000748887
"852" 0.866 0.869 0.882 0.776831378149217
"853" 0.718 0.718 0.74 0.688002889344983
"854" 0.649 0.646 0.68 0.655510798758574
"855" 0.949 0.946 0.955 0.895505719121383
"856" 0.963 0.969 0.983 0.920490269698431
"857" 0.204 0.201 0.192 0.221773540605755
"858" 0.356 0.366 0.35 0.380506376453373
"859" 0.591 0.593 0.586 0.584021009879788
"860" 0.166 0.199 0.175 0.19599723953757
"861" 0.861 0.859 0.879 0.806179326742544
"862" 0.02 0.024 0.028 0.0176157800885112
"863" 0.563 0.565 0.608 0.578744525620944
"864" 0.099 0.111 0.111 0.110335238979262
"865" 0.908 0.951 0.915 0.835351467850109
"866" 0.23 0.233 0.246 0.26060577022138
"867" 0.503 0.5 0.508 0.524710534611603
"868" 0.623 0.67 0.656 0.63418903733321
"869" 0.16 0.159 0.182 0.174444954612043
"870" 0.36 0.384 0.385 0.394152022123113
"871" 0.115 0.115 0.12 0.123391390946779
"872" 0.3 0.305 0.337 0.343406573127188
"873" 0.869 0.879 0.882 0.819702455553092
"874" 0.196 0.173 0.189 0.20443360519103
"875" 0.295 0.303 0.239 0.309479443189918
"876" 0.493 0.481 0.472 0.50587402678405
"877" 0.36 0.38 0.374 0.39030874846554
"878" 0.47 0.449 0.467 0.477214281357037
"879" 0.956 0.974 0.976 0.895199931456445
"880" 0.586 0.558 0.602 0.57602033227202
"881" 0.427 0.411 0.442 0.449092250980592
"882" 0.472 0.502 0.443 0.481297207653898
"883" 0.939 0.924 0.928 0.82508652214413
"884" 0.095 0.109 0.1 0.109035157747137
"885" 0.384 0.352 0.401 0.39710140130584
"886" 0.071 0.066 0.081 0.0768298501152541
"887" 0.339 0.339 0.353 0.374448966080725
"888" 0.847 0.838 0.867 0.800900508511102
"889" 0.207 0.197 0.199 0.240796752524749
"890" 0.651 0.661 0.683 0.651102693914814
"891" 0.248 0.261 0.26 0.290697133278403
"892" 0.37 0.345 0.352 0.35539255604275
"893" 0.268 0.271 0.27 0.310260286021693
"894" 0.494 0.546 0.535 0.540426523336282
"895" 0.936 0.944 0.964 0.898668128888038
"896" 0.691 0.671 0.698 0.670569806172806
"897" 0.001 0.002 0.008 0.00154755559201225
"898" 0.686 0.697 0.747 0.655292260448679
"899" 0.827 0.846 0.88 0.789224253295427
"900" 0.406 0.402 0.435 0.424422498962726
"901" 0.473 0.467 0.512 0.512339297291323
"902" 0.665 0.678 0.709 0.658396431131881
"903" 0.14 0.147 0.137 0.1574030188055
"904" 0.898 0.885 0.897 0.842823238998337
"905" 0.48 0.48 0.544 0.49841150362516
"906" 0.028 0.031 0.042 0.0354279053031639
"907" 0.824 0.827 0.864 0.789590558566103
"908" 0.928 0.926 0.933 0.869772821848684
"909" 0.006 0.006 0.004 0.00364680478524071
"910" 0.806 0.797 0.841 0.760509070938379
"911" 0.376 0.332 0.321 0.369362197013795
"912" 0.07 0.061 0.043 0.0650146089640851
"913" 0.223 0.196 0.199 0.224984965238508
"914" 0.077 0.066 0.074 0.0838790883588447
"915" 0.183 0.176 0.179 0.184971848407476
"916" 0.735 0.758 0.769 0.735136847132447
"917" 0.84 0.844 0.86 0.777216217635583
"918" 0.563 0.581 0.61 0.583902935521816
"919" 0.485 0.474 0.546 0.513120434425726
"920" 0.661 0.68 0.696 0.655017150175099
"921" 0.05 0.059 0.056 0.0584896308726538
"922" 0.859 0.869 0.876 0.829932167523634
"923" 0.543 0.54 0.548 0.549532850692069
"924" 0.177 0.205 0.214 0.21392285671365
"925" 0.066 0.069 0.071 0.0715181628036696
"926" 0.605 0.597 0.632 0.613389465734395
"927" 0.318 0.355 0.325 0.370680157319242
"928" 0.592 0.586 0.597 0.599229288412415
"929" 0.218 0.21 0.218 0.240082997790597
"930" 0.035 0.031 0.025 0.0263347692454446
"931" 0.518 0.536 0.572 0.558779716047329
"932" 0.45 0.457 0.48 0.474746802491632
"933" 0.302 0.3 0.298 0.337221191076581
"934" 0.066 0.079 0.096 0.08156162214365
"935" 0.531 0.513 0.518 0.533866142616208
"936" 0.251 0.22 0.256 0.270199236529398
"937" 0.632 0.65 0.677 0.630493089475276
"938" 0.611 0.587 0.593 0.596789829271002
"939" 0.821 0.836 0.845 0.767197589287409
"940" 0.408 0.402 0.406 0.42824007194198
"941" 0.645 0.636 0.65 0.610267933287604
"942" 0.432 0.463 0.481 0.477574242165893
"943" 0.255 0.268 0.267 0.296524483086594
"944" 0.975 0.969 0.979 0.91446592957395
"945" 0.75 0.729 0.792 0.727979697334144
"946" 0.3 0.321 0.343 0.348106567296028
"947" 0.298 0.27 0.296 0.312657111336206
"948" 0.98 0.984 0.989 0.928502103222401
"949" 0.177 0.152 0.176 0.191792861464343
"950" 0.873 0.873 0.871 0.787714089540985
"951" 0.329 0.342 0.349 0.363667692029086
"952" 0.871 0.857 0.891 0.803586169038265
"953" 0.09 0.077 0.093 0.0943988690484072
"954" 0.167 0.167 0.174 0.186787792310193
"955" 0.219 0.238 0.241 0.25938389059696
"956" 0.024 0.033 0.025 0.0214244128336141
"957" 0.383 0.378 0.387 0.420412747804594
"958" 0.046 0.042 0.041 0.0376921294604823
"959" 0.074 0.077 0.084 0.0897720154985161
"960" 0.231 0.221 0.221 0.227305101568785
"961" 0.772 0.788 0.818 0.761311462647736
"962" 0.68 0.661 0.669 0.633953042713063
"963" 0.362 0.357 0.336 0.367422863851683
"964" 0.369 0.371 0.365 0.404473001353804
"965" 0.344 0.332 0.298 0.343477947697824
"966" 0.403 0.418 0.445 0.437876234187677
"967" 0.253 0.244 0.227 0.267757987010031
"968" 0.263 0.24 0.251 0.28804277857959
"969" 0.551 0.564 0.569 0.577167252134833
"970" 0.42 0.436 0.442 0.443566976949681
"971" 0.572 0.597 0.583 0.575972314354734
"972" 0.038 0.034 0.041 0.0366851176738807
"973" 0.152 0.176 0.187 0.192765119811651
"974" 0.684 0.712 0.728 0.673858040298857
"975" 0.482 0.503 0.5 0.521462440275651
"976" 0.594 0.572 0.601 0.596548870130974
"977" 0.206 0.17 0.166 0.203336268356965
"978" 0.918 0.924 0.965 0.884398631160818
"979" 0.618 0.599 0.634 0.619851926116495
"980" 0.413 0.405 0.387 0.434840987344063
"981" 0.425 0.406 0.425 0.458826134256095
"982" 0.815 0.823 0.829 0.763327756329153
"983" 0.93 0.938 0.949 0.878006873993201
"984" 0.389 0.337 0.349 0.379865199779282
"985" 0.675 0.675 0.679 0.650413357826281
"986" 0.391 0.402 0.43 0.421161661695789
"987" 0.111 0.108 0.102 0.120985653597617
"988" 0.035 0.037 0.031 0.0315587711602338
"989" 0.895 0.902 0.923 0.827916415544107
"990" 0.074 0.061 0.056 0.0619888457552726
"991" 0.189 0.171 0.192 0.217363276182316
"992" 0.147 0.161 0.189 0.188935846989478
"993" 0.1 0.095 0.078 0.102041654590951
"994" 0.743 0.744 0.752 0.710112350407741
"995" 0.879 0.9 0.925 0.839598168271343
"996" 0.455 0.447 0.455 0.467480529599595
"997" 0.436 0.457 0.438 0.464537838547064
"998" 0.745 0.731 0.767 0.713563433274112
"999" 0.353 0.353 0.36 0.389552464141374
"1000" 0.401 0.388 0.404 0.426330496496935
