"A" "B" "P" "BT"
"1" 0.627 0.644 0.664 0.638664185188623
"2" 0.248 0.25 0.218 0.261995798862278
"3" 0.089 0.095 0.092 0.0975994398911846
"4" 0.211 0.236 0.246 0.272572131964818
"5" 0.936 0.946 0.941 0.862888034706346
"6" 0.467 0.482 0.482 0.489164778228822
"7" 0.847 0.871 0.863 0.771747616804177
"8" 0.048 0.03 0.042 0.0411398649882776
"9" 0.8 0.8 0.774 0.741277771252876
"10" 0.146 0.167 0.183 0.184286677561029
"11" 0.067 0.05 0.048 0.0575893680791206
"12" 0.339 0.33 0.363 0.376335927020271
"13" 0.333 0.333 0.344 0.353703521264349
"14" 0.685 0.681 0.711 0.660108088045906
"15" 0.003 0.001 0.002 0.000482301686512088
"16" 0.892 0.872 0.919 0.790780944667304
"17" 0.634 0.675 0.626 0.626515135648138
"18" 0.558 0.584 0.592 0.563023791985838
"19" 0.568 0.53 0.56 0.553110104454132
"20" 0.825 0.838 0.87 0.75752440941434
"21" 0.286 0.324 0.301 0.333470714667297
"22" 0.521 0.541 0.567 0.543221276630877
"23" 0.739 0.742 0.75 0.6884146847939
"24" 0.007 0.009 0.009 0.00411431299197129
"25" 0.676 0.64 0.675 0.642011415485576
"26" 0.239 0.226 0.25 0.272792932336444
"27" 0.755 0.751 0.771 0.713003475212198
"28" 0.139 0.137 0.147 0.165575581680636
"29" 0.13 0.109 0.145 0.137900437147277
"30" 0.967 0.967 0.973 0.874341241915779
"31" 0.03 0.025 0.031 0.0315410334997432
"32" 0.205 0.182 0.22 0.243910000376758
"33" 0.328 0.271 0.322 0.341823102139632
"34" 0.374 0.359 0.352 0.394900454820661
"35" 0.045 0.051 0.046 0.0455944552372233
"36" 0.939 0.918 0.94 0.849209426155263
"37" 0.269 0.261 0.255 0.300522436090718
"38" 0.341 0.309 0.33 0.378692713442745
"39" 0.821 0.825 0.846 0.766707065532066
"40" 0.721 0.758 0.763 0.692711487944729
"41" 0.984 0.978 0.99 0.896191200606919
"42" 0.575 0.572 0.593 0.571063191038743
"43" 0.867 0.871 0.883 0.767346993895701
"44" 0.96 0.961 0.97 0.855548952019952
"45" 0.404 0.38 0.402 0.41373663696168
"46" 0.355 0.339 0.358 0.378115238614038
"47" 0.897 0.901 0.914 0.800010099836467
"48" 0.66 0.693 0.668 0.644933983403468
"49" 0.36 0.386 0.362 0.392466321939511
"50" 0.832 0.827 0.839 0.777540136302486
"51" 0.328 0.374 0.343 0.385037327591747
"52" 0.823 0.803 0.844 0.761097553913045
"53" 0.49 0.451 0.468 0.496537445217654
"54" 0.833 0.844 0.854 0.764653825550435
"55" 0.454 0.459 0.455 0.47470388240948
"56" 0.379 0.382 0.371 0.417015556727055
"57" 0.775 0.784 0.826 0.721468371823799
"58" 0.694 0.71 0.723 0.658757252692953
"59" 0.477 0.49 0.501 0.509420987092313
"60" 0.191 0.179 0.198 0.217051349610677
"61" 0.165 0.155 0.164 0.196210513485228
"62" 0.381 0.348 0.391 0.394862835461341
"63" 0.732 0.752 0.759 0.694052424961931
"64" 0.378 0.425 0.411 0.419562404224771
"65" 0.484 0.464 0.48 0.482421685987404
"66" 0.412 0.448 0.435 0.458251641349842
"67" 0.818 0.802 0.79 0.724218500790466
"68" 0.953 0.947 0.96 0.883962593384536
"69" 0.484 0.488 0.476 0.504511134469269
"70" 0.346 0.381 0.342 0.386566601706683
"71" 0.853 0.853 0.861 0.771477500042782
"72" 0.626 0.633 0.666 0.630907853821325
"73" 0.779 0.78 0.803 0.731292817830295
"74" 0.478 0.452 0.45 0.48673313942082
"75" 0.941 0.949 0.951 0.836863816604957
"76" 0.152 0.142 0.167 0.166924639564189
"77" 0.94 0.958 0.965 0.856744037528766
"78" 0.677 0.688 0.696 0.642312451037938
"79" 0.174 0.149 0.156 0.188340387441118
"80" 0.935 0.933 0.946 0.826598977285613
"81" 0.227 0.226 0.256 0.268724832619992
"82" 0.303 0.294 0.321 0.32546436826585
"83" 0.609 0.648 0.639 0.609665147373175
"84" 0.581 0.551 0.537 0.571790078454901
"85" 0.022 0.019 0.032 0.0173183925968651
"86" 0.582 0.588 0.586 0.580353047760465
"87" 0.36 0.363 0.357 0.393988351968171
"88" 0.954 0.961 0.959 0.843625832710721
"89" 0.026 0.031 0.034 0.0236811726999514
"90" 0.657 0.65 0.711 0.641546718675485
"91" 0.928 0.946 0.948 0.835394843382769
"92" 0.068 0.065 0.059 0.0626503692657323
"93" 0.572 0.538 0.555 0.547788672038999
"94" 0.439 0.458 0.473 0.47760097151456
"95" 0.773 0.796 0.813 0.719508749523926
"96" 0.104 0.098 0.14 0.129260844186969
"97" 0.236 0.222 0.261 0.262582101998241
"98" 0.613 0.599 0.618 0.589905466915386
"99" 0.705 0.707 0.746 0.673487374547255
"100" 0.369 0.382 0.384 0.415989199321675
"101" 0.744 0.747 0.757 0.696978216061203
"102" 0.807 0.803 0.821 0.727472628700615
"103" 0.149 0.159 0.127 0.169293406302804
"104" 0.29 0.313 0.345 0.354181211125735
"105" 0.494 0.484 0.476 0.499388272599085
"106" 0.733 0.736 0.742 0.683592090688669
"107" 0.198 0.198 0.219 0.229720341577748
"108" 0.193 0.196 0.2 0.226745802150277
"109" 0.904 0.899 0.905 0.82548267529496
"110" 0.556 0.605 0.603 0.582093222898458
"111" 0.329 0.307 0.339 0.360973090913236
"112" 0.259 0.252 0.255 0.274203290594902
"113" 0.628 0.648 0.645 0.603646308335862
"114" 0.43 0.429 0.411 0.434490802940398
"115" 0.521 0.55 0.525 0.547100790412403
"116" 0.948 0.956 0.955 0.854372050214062
"117" 0 0 0 1.26482347807544e-05
"118" 0.106 0.126 0.117 0.12607282051095
"119" 0.524 0.533 0.557 0.549059146353036
"120" 0.96 0.951 0.979 0.862420920662508
"121" 0.63 0.623 0.624 0.61581802320341
"122" 0.381 0.403 0.44 0.441863364512761
"123" 0.212 0.2 0.205 0.222492394157178
"124" 0.569 0.57 0.604 0.562991785109162
"125" 0.43 0.431 0.397 0.441325840737095
"126" 0.945 0.946 0.954 0.846619856647114
"127" 0.448 0.493 0.516 0.505768895521106
"128" 0.714 0.68 0.71 0.665522366358431
"129" 0.563 0.589 0.615 0.592398195770933
"130" 0.32 0.342 0.332 0.367931263249023
"131" 0.252 0.267 0.256 0.290991480170845
"132" 0.1 0.111 0.098 0.104163073013981
"133" 0.936 0.941 0.94 0.853710587453702
"134" 0.638 0.66 0.649 0.618648117511845
"135" 0.795 0.815 0.812 0.738401643563995
"136" 0.615 0.61 0.594 0.593162923109957
"137" 0.745 0.719 0.731 0.686496025185876
"138" 0.572 0.573 0.576 0.570094524985412
"139" 0.745 0.73 0.76 0.687873095567127
"140" 0.553 0.543 0.535 0.546193104638011
"141" 0.197 0.2 0.212 0.234901692221121
"142" 0.016 0.012 0.019 0.00920542080210818
"143" 0.164 0.127 0.142 0.157226373442834
"144" 0.083 0.087 0.111 0.113930900300568
"145" 0.719 0.73 0.768 0.678294535193061
"146" 0.761 0.74 0.772 0.712035377201179
"147" 0.615 0.657 0.664 0.620075582615083
"148" 0.101 0.095 0.119 0.122029581635426
"149" 0.446 0.476 0.455 0.469214962278731
"150" 0 0 0 5.77353016920634e-05
"151" 0.887 0.887 0.915 0.792702497197827
"152" 0.457 0.451 0.444 0.468458956828655
"153" 0.034 0.013 0.028 0.0197269213727294
"154" 0.169 0.188 0.205 0.206016090419949
"155" 0.419 0.429 0.446 0.459851804636
"156" 0.645 0.628 0.63 0.613443187746357
"157" 0.914 0.922 0.937 0.823975077166492
"158" 0.498 0.476 0.493 0.508813252512531
"159" 0.209 0.236 0.231 0.252945378642055
"160" 0.875 0.901 0.893 0.798389401302005
"161" 0.358 0.368 0.389 0.392613098788373
"162" 0.982 0.974 0.98 0.876102327597766
"163" 0.477 0.496 0.5 0.509891861837218
"164" 0.104 0.114 0.13 0.123733684604763
"165" 0.642 0.655 0.675 0.648595852290982
"166" 0.351 0.376 0.408 0.403976838204434
"167" 0.108 0.122 0.112 0.119577761168677
"168" 0.134 0.154 0.137 0.162574391070357
"169" 0.766 0.781 0.776 0.722242727474697
"170" 0.498 0.507 0.526 0.520396666638092
"171" 0.398 0.399 0.408 0.441240782391359
"172" 0.05 0.072 0.084 0.0676401636904433
"173" 0.638 0.647 0.64 0.624584271250246
"174" 0.388 0.37 0.377 0.390123136108787
"175" 0.916 0.892 0.936 0.805574151402297
"176" 0.431 0.418 0.43 0.458115343035137
"177" 0.159 0.175 0.186 0.192375251252833
"178" 0.332 0.29 0.303 0.359430035034423
"179" 0.621 0.658 0.66 0.627298948684403
"180" 0.212 0.201 0.189 0.221239645288945
"181" 0.445 0.407 0.437 0.456887776597156
"182" 0.893 0.915 0.927 0.810210650416863
"183" 0.328 0.295 0.337 0.351029815710393
"184" 0.462 0.469 0.469 0.477945398168313
"185" 0.538 0.528 0.557 0.546377820986742
"186" 0.787 0.76 0.791 0.726759962250252
"187" 0.506 0.5 0.542 0.530686380274871
"188" 0.464 0.471 0.451 0.4820018336671
"189" 0.432 0.419 0.426 0.457233462878505
"190" 0.477 0.482 0.478 0.493184983128186
"191" 0.694 0.672 0.674 0.654432233913489
"192" 0.025 0.019 0.009 0.0147448291917215
"193" 0.645 0.664 0.688 0.63468889316328
"194" 0.4 0.407 0.414 0.428964299501816
"195" 0.378 0.349 0.385 0.393166749779341
"196" 0.792 0.807 0.834 0.754859308369071
"197" 0.988 0.992 0.996 0.918262916883856
"198" 0.013 0.01 0.017 0.00904869215222803
"199" 0.863 0.877 0.893 0.785728876240955
"200" 0.721 0.746 0.751 0.68442305504391
"201" 0.705 0.689 0.738 0.666830973651066
"202" 0.142 0.13 0.14 0.148766326312488
"203" 0.629 0.633 0.653 0.625274498044629
"204" 0.724 0.745 0.773 0.699765407133229
"205" 0.289 0.302 0.292 0.320991166981013
"206" 0.225 0.265 0.237 0.268562295485414
"207" 0.086 0.112 0.112 0.121855812018428
"208" 0.075 0.069 0.082 0.0836870707908837
"209" 0.57 0.551 0.561 0.567843323965174
"210" 0.995 0.994 0.997 0.924965862183149
"211" 0.405 0.385 0.394 0.42481261107009
"212" 0.502 0.532 0.524 0.52691643328106
"213" 0.111 0.12 0.13 0.138223786968747
"214" 0.764 0.762 0.788 0.707350139216924
"215" 0.355 0.351 0.338 0.384094691002825
"216" 0.389 0.391 0.382 0.415702168870533
"217" 0.036 0.026 0.043 0.0344110944420774
"218" 0.165 0.164 0.132 0.177538678917231
"219" 0.009 0.025 0.014 0.0124679790702642
"220" 0.946 0.958 0.96 0.846214285405491
"221" 0.154 0.15 0.169 0.177427645875453
"222" 0.255 0.303 0.265 0.323629527032746
"223" 0.798 0.774 0.809 0.734650825611912
"224" 0.115 0.096 0.116 0.121762736151612
"225" 0.873 0.865 0.901 0.79470785661501
"226" 0.831 0.847 0.849 0.768413008636158
"227" 0.26 0.244 0.263 0.291049279579466
"228" 0.691 0.694 0.711 0.664735993443357
"229" 0.766 0.756 0.737 0.70075320928509
"230" 0.259 0.25 0.254 0.291284084199944
"231" 0.293 0.293 0.314 0.331526063414606
"232" 0.532 0.574 0.535 0.534136387453515
"233" 0.822 0.792 0.835 0.741548552067272
"234" 0.603 0.63 0.616 0.604257976491095
"235" 0.284 0.311 0.301 0.324922730435658
"236" 0.692 0.697 0.727 0.673570548724567
"237" 0.585 0.617 0.603 0.590155468946814
"238" 0.592 0.61 0.651 0.608390011860524
"239" 0.568 0.581 0.563 0.562899775488574
"240" 0.313 0.292 0.322 0.337424230823178
"241" 0.792 0.77 0.779 0.732131147316203
"242" 0.409 0.377 0.399 0.424088247748891
"243" 0.462 0.406 0.426 0.455597958250522
"244" 0.532 0.533 0.532 0.54080871853422
"245" 0.001 0.002 0.004 0.00092757942762911
"246" 0.661 0.676 0.685 0.652331417082159
"247" 0.43 0.438 0.414 0.43655467775098
"248" 0.155 0.14 0.142 0.166975055086271
"249" 0.555 0.513 0.566 0.546743125737409
"250" 0.349 0.355 0.363 0.389506256859177
"251" 0.43 0.405 0.45 0.45591725297852
"252" 0.793 0.788 0.807 0.745110999472727
"253" 0.207 0.229 0.219 0.262979310748608
"254" 0.727 0.748 0.765 0.712363625490893
"255" 0.242 0.268 0.246 0.304614689509474
"256" 0.949 0.955 0.966 0.856717234443406
"257" 0.548 0.592 0.593 0.579035697473109
"258" 0.036 0.036 0.041 0.0346207616881565
"259" 0.386 0.355 0.399 0.390343336343161
"260" 0.662 0.628 0.682 0.631675913358712
"261" 0.405 0.422 0.471 0.444280983355455
"262" 0.353 0.373 0.366 0.402520504228548
"263" 0.908 0.912 0.935 0.797823756791491
"264" 0.687 0.703 0.738 0.667999131985813
"265" 0.737 0.748 0.767 0.717361884605686
"266" 0.809 0.786 0.834 0.742510378080613
"267" 0.515 0.553 0.543 0.537039446624896
"268" 0.795 0.784 0.834 0.741113578162228
"269" 0.403 0.408 0.441 0.435020902020007
"270" 0.625 0.629 0.644 0.619232205970618
"271" 0.504 0.486 0.475 0.507440820793874
"272" 0.892 0.889 0.911 0.835306973100729
"273" 0.55 0.582 0.585 0.559702654385919
"274" 0.731 0.753 0.776 0.692753940285431
"275" 0.207 0.187 0.226 0.232339945086441
"276" 0.681 0.676 0.679 0.653481469342322
"277" 0.781 0.776 0.783 0.720371697470522
"278" 0.009 0.01 0.009 0.00495720667030208
"279" 0.929 0.936 0.943 0.871519649332055
"280" 0.188 0.152 0.184 0.199366588785708
"281" 0.003 0.002 0.002 0.000852875143434018
"282" 0.942 0.952 0.955 0.8424482968277
"283" 0.638 0.669 0.67 0.643541482580341
"284" 0.371 0.396 0.385 0.419922788995315
"285" 0.516 0.548 0.541 0.548516401640885
"286" 0.722 0.741 0.743 0.671732122879998
"287" 0.033 0.031 0.037 0.0330872900600779
"288" 0.984 0.987 0.987 0.914811348336714
"289" 0.356 0.361 0.38 0.388391763314824
"290" 0.884 0.863 0.898 0.766610357288552
"291" 0.091 0.076 0.078 0.0820834933537878
"292" 0.059 0.062 0.07 0.0646959790595897
"293" 0.33 0.315 0.342 0.358486102778487
"294" 0.111 0.117 0.109 0.12672850099325
"295" 0.979 0.974 0.986 0.885987423481294
"296" 0.142 0.127 0.151 0.157189035192169
"297" 0.646 0.626 0.633 0.622219914366976
"298" 0.984 0.984 0.982 0.906177212354748
"299" 0.857 0.86 0.872 0.778964036758936
"300" 0.349 0.363 0.372 0.387698793702816
"301" 0.291 0.304 0.303 0.32296430471953
"302" 0.204 0.199 0.202 0.220173681360413
"303" 0.277 0.268 0.274 0.288082349141846
"304" 0.404 0.413 0.415 0.436534493209974
"305" 0.852 0.861 0.858 0.783732535896433
"306" 0.073 0.081 0.078 0.0801375333307754
"307" 0.293 0.307 0.285 0.329747590618627
"308" 0.832 0.827 0.821 0.7369855056343
"309" 0.686 0.707 0.724 0.679010396735476
"310" 0.767 0.775 0.787 0.726845470005781
"311" 0.775 0.763 0.789 0.712665420145415
"312" 0.851 0.866 0.889 0.777683953196199
"313" 0.433 0.419 0.421 0.439506044194055
"314" 0.367 0.368 0.378 0.413902288336098
"315" 0.936 0.92 0.953 0.820690670358114
"316" 0.919 0.919 0.903 0.799523520622183
"317" 0.732 0.719 0.736 0.674538586437253
"318" 0.571 0.553 0.576 0.561098473937001
"319" 0.74 0.701 0.714 0.679403202388522
"320" 0.942 0.969 0.96 0.83411270116193
"321" 0.523 0.51 0.518 0.529235860810809
"322" 0.476 0.482 0.458 0.495099745061528
"323" 0.379 0.388 0.399 0.423560273944996
"324" 0.116 0.116 0.114 0.135146034931282
"325" 0.436 0.43 0.472 0.471203173561077
"326" 0.547 0.529 0.558 0.55097986708851
"327" 0.004 0.001 0.006 0.00177976326319473
"328" 0.695 0.729 0.701 0.663621638611
"329" 0.015 0.013 0.019 0.00975971963754163
"330" 0.055 0.063 0.067 0.0675371668023398
"331" 0.625 0.644 0.654 0.612776271658784
"332" 0.264 0.259 0.264 0.301367662263913
"333" 0.643 0.64 0.651 0.620746767723252
"334" 0.189 0.224 0.191 0.233075567737369
"335" 0.966 0.96 0.973 0.878038855291815
"336" 0.961 0.955 0.98 0.890674319039234
"337" 0.128 0.129 0.128 0.140826871131815
"338" 0.075 0.067 0.083 0.0743835367360872
"339" 0.165 0.161 0.162 0.186546953848434
"340" 0.558 0.548 0.592 0.555366705908019
"341" 0.629 0.659 0.672 0.639690750230932
"342" 0.633 0.612 0.636 0.614451310360455
"343" 0.335 0.349 0.344 0.384626654340244
"344" 0.422 0.421 0.434 0.443892790969081
"345" 0.602 0.611 0.621 0.602720567667593
"346" 0.521 0.541 0.505 0.52989145291382
"347" 0.129 0.145 0.138 0.158136477444031
"348" 0.359 0.371 0.405 0.413481317076415
"349" 0.634 0.683 0.717 0.658376721843142
"350" 0.449 0.464 0.465 0.487448276556401
"351" 0.698 0.705 0.725 0.674978409355954
"352" 0.516 0.516 0.507 0.519943458023457
"353" 0.945 0.954 0.963 0.86242859431163
"354" 0.712 0.75 0.757 0.680334040295321
"355" 0.087 0.108 0.111 0.101820170886293
"356" 0.559 0.559 0.597 0.574890735895379
"357" 0.829 0.825 0.837 0.737380081355094
"358" 0.55 0.556 0.565 0.568374230666102
"359" 0.139 0.133 0.13 0.153347219961949
"360" 0.484 0.476 0.458 0.489041258153579
"361" 0.03 0.036 0.05 0.0307439134615426
"362" 0.412 0.418 0.432 0.435628403345392
"363" 0.996 0.997 0.999 0.935486306942601
"364" 0.282 0.262 0.285 0.303086288155071
"365" 0.74 0.736 0.781 0.718223496531866
"366" 0.238 0.256 0.275 0.300890600549812
"367" 0.864 0.867 0.878 0.767340560403656
"368" 0.55 0.536 0.582 0.561426447294347
"369" 0.741 0.747 0.715 0.692463489459961
"370" 0.757 0.751 0.749 0.70650286167707
"371" 0.177 0.162 0.159 0.176027768834288
"372" 0.463 0.449 0.461 0.48520469130792
"373" 0.961 0.939 0.971 0.853200916108671
"374" 0.748 0.735 0.731 0.686764572876607
"375" 0.839 0.842 0.861 0.774828439369447
"376" 0.074 0.067 0.068 0.0622583705393461
"377" 0.551 0.58 0.593 0.578175210201099
"378" 0.343 0.321 0.321 0.374880651673507
"379" 0.5 0.49 0.502 0.515262285987805
"380" 0.317 0.314 0.269 0.343168830740733
"381" 0 0 0.01 0.00107101716437219
"382" 0.185 0.188 0.217 0.226941747736473
"383" 0.256 0.246 0.277 0.302050932318334
"384" 0.554 0.55 0.562 0.558833188539127
"385" 0.095 0.092 0.086 0.0943916296107958
"386" 0.707 0.668 0.715 0.65310727253885
"387" 0.398 0.416 0.403 0.433562394629689
"388" 0.944 0.92 0.947 0.826524745851879
"389" 0.618 0.618 0.622 0.614749784903475
"390" 0.565 0.603 0.595 0.569865175564836
"391" 0.38 0.38 0.393 0.410718269347666
"392" 0.533 0.529 0.548 0.557066434540662
"393" 0.675 0.722 0.703 0.658932362318214
"394" 0.596 0.578 0.585 0.576683071586878
"395" 0.93 0.933 0.943 0.803356898317997
"396" 0.964 0.976 0.981 0.884576630458784
"397" 0.851 0.86 0.867 0.768147627834444
"398" 0.662 0.671 0.667 0.644654279561617
"399" 0.309 0.335 0.361 0.35488973402289
"400" 0.832 0.839 0.845 0.772803946713819
"401" 0.134 0.128 0.142 0.152776368102651
"402" 0.976 0.982 0.98 0.91557946679948
"403" 0.271 0.28 0.268 0.310886109228663
"404" 0.34 0.338 0.336 0.366066343278851
"405" 0.538 0.579 0.569 0.548496566758065
"406" 0.631 0.639 0.645 0.61651378699855
"407" 0.325 0.306 0.311 0.350789166302369
"408" 0.933 0.915 0.942 0.833506738575891
"409" 0.434 0.432 0.455 0.468338156929055
"410" 0.75 0.734 0.774 0.699896726915586
"411" 0.441 0.423 0.403 0.458952186610922
"412" 0.554 0.562 0.52 0.539544023357849
"413" 0.504 0.554 0.545 0.538104882053256
"414" 0.291 0.293 0.28 0.325631243911607
"415" 0.679 0.687 0.683 0.64764252591926
"416" 0.339 0.357 0.377 0.38504563417044
"417" 0.038 0.029 0.037 0.0264401427265919
"418" 0.92 0.947 0.95 0.834559565061223
"419" 0.597 0.571 0.613 0.583040985932061
"420" 0.543 0.514 0.528 0.552076969891288
"421" 0.148 0.129 0.127 0.155039220715304
"422" 0.287 0.29 0.284 0.323025827586594
"423" 0.765 0.721 0.771 0.681811748888093
"424" 0.227 0.236 0.229 0.252098329997431
"425" 0.427 0.419 0.421 0.448720117383752
"426" 0.238 0.207 0.244 0.252555888754031
"427" 0.764 0.766 0.757 0.700010503084149
"428" 0.682 0.679 0.697 0.657383079962288
"429" 0.241 0.239 0.213 0.257069137519617
"430" 0.893 0.889 0.897 0.800305287334283
"431" 0.461 0.5 0.513 0.520732100538706
"432" 0.549 0.535 0.541 0.555429481327043
"433" 0.139 0.148 0.148 0.158281474100229
"434" 0.817 0.816 0.809 0.745332502100351
"435" 0.365 0.405 0.411 0.427497778155283
"436" 0.308 0.295 0.304 0.343877985327126
"437" 0.823 0.83 0.863 0.769282779364395
"438" 0.398 0.379 0.369 0.404929688494168
"439" 0.761 0.772 0.791 0.706229175839662
"440" 0.607 0.579 0.582 0.595186409299429
"441" 0.321 0.344 0.327 0.368465270168697
"442" 0.629 0.639 0.645 0.596518795987016
"443" 0.401 0.416 0.401 0.433006504899782
"444" 0.841 0.839 0.859 0.797346988631999
"445" 0.433 0.43 0.395 0.461045014980885
"446" 0.605 0.608 0.627 0.589616999243056
"447" 0.735 0.727 0.714 0.667659755604036
"448" 0.283 0.286 0.252 0.320717391354149
"449" 0.097 0.089 0.101 0.0997337252924174
"450" 0.81 0.83 0.837 0.743272915208101
"451" 0.48 0.52 0.506 0.524408860857698
"452" 0.109 0.095 0.125 0.125845429979712
"453" 0.451 0.445 0.458 0.458851050874869
"454" 0.444 0.438 0.449 0.461996960943548
"455" 0.72 0.722 0.731 0.683378307517155
"456" 0.903 0.883 0.901 0.78645796155633
"457" 0.565 0.542 0.587 0.56525118986052
"458" 0.932 0.914 0.925 0.829153595547242
"459" 0.452 0.42 0.442 0.471766931448331
"460" 0.216 0.225 0.219 0.265879602871376
"461" 0.484 0.518 0.535 0.521247179002716
"462" 0.678 0.686 0.697 0.649815637816425
"463" 0.442 0.452 0.467 0.478367921869637
"464" 0.028 0.032 0.04 0.02376435539079
"465" 0.675 0.7 0.707 0.658721380778802
"466" 0.55 0.564 0.574 0.564616972428581
"467" 0.818 0.823 0.838 0.751762876642351
"468" 0.078 0.072 0.092 0.0821041689569314
"469" 0.807 0.779 0.786 0.726369175143395
"470" 0.042 0.035 0.034 0.0336660023102344
"471" 0.646 0.65 0.689 0.639412972447417
"472" 0.899 0.886 0.904 0.789269057142414
"473" 0.543 0.58 0.586 0.56204342258382
"474" 0.526 0.502 0.567 0.53392482969941
"475" 0.177 0.17 0.19 0.180715164479564
"476" 0.688 0.717 0.723 0.668503788620145
"477" 0.533 0.518 0.556 0.541626619430958
"478" 0.303 0.304 0.312 0.343976884495341
"479" 0.13 0.121 0.125 0.144020810988331
"480" 0.098 0.092 0.093 0.103319627810079
"481" 0.355 0.381 0.373 0.404346204950701
"482" 0.134 0.126 0.132 0.136967969072449
"483" 0.583 0.607 0.611 0.607945428172912
"484" 0.215 0.193 0.226 0.230393308343055
"485" 0.525 0.542 0.559 0.540390846515447
"486" 0.419 0.416 0.419 0.449016006015054
"487" 0.068 0.081 0.083 0.0860931556670463
"488" 0.884 0.859 0.904 0.777410901619841
"489" 0.68 0.669 0.703 0.65062790069008
"490" 0.058 0.056 0.059 0.0561587027404941
"491" 0.484 0.485 0.538 0.513431080547808
"492" 0.389 0.401 0.372 0.407629407141321
"493" 0.362 0.362 0.395 0.41470869120205
"494" 0.853 0.849 0.842 0.752679278735058
"495" 0.112 0.096 0.102 0.116349206098289
"496" 0.811 0.806 0.805 0.729839649241284
"497" 0.066 0.047 0.049 0.0601272236304375
"498" 0.18 0.161 0.178 0.192997600892772
"499" 0.58 0.583 0.6 0.581936275175678
"500" 0.015 0.026 0.031 0.0166532274278053
"501" 0.751 0.771 0.828 0.717550962079469
"502" 0.966 0.963 0.978 0.868983494017573
"503" 0.974 0.96 0.978 0.905265463107053
"504" 0.657 0.621 0.665 0.637071501961915
"505" 0.106 0.105 0.115 0.118025799980044
"506" 0.256 0.254 0.287 0.308428429014413
"507" 0.623 0.589 0.574 0.586775556298446
"508" 0.646 0.691 0.662 0.64097817899579
"509" 0.856 0.89 0.895 0.789485642403749
"510" 0.579 0.61 0.598 0.589656724172788
"511" 0.809 0.802 0.822 0.736858440158662
"512" 0.611 0.619 0.621 0.605723969534788
"513" 0.356 0.357 0.346 0.394189818911748
"514" 0.816 0.831 0.84 0.757017984098698
"515" 0.458 0.478 0.491 0.51480780261759
"516" 0.376 0.378 0.416 0.417924625304212
"517" 0.949 0.949 0.969 0.831330841515427
"518" 0.722 0.686 0.73 0.661562534380075
"519" 0.561 0.549 0.571 0.561966761970061
"520" 0.38 0.41 0.441 0.437026664127779
"521" 0.361 0.384 0.357 0.398377274011411
"522" 0.517 0.518 0.529 0.538528582233654
"523" 0.805 0.83 0.853 0.751099208859191
"524" 0.796 0.811 0.796 0.71611980206669
"525" 0.233 0.274 0.281 0.287687693150665
"526" 0.363 0.363 0.383 0.406951933068291
"527" 0.269 0.292 0.268 0.315261120142056
"528" 0.755 0.748 0.749 0.700322898861306
"529" 0.3 0.303 0.317 0.348544685182841
"530" 0.209 0.19 0.21 0.221967778439966
"531" 0.04 0.045 0.053 0.0509291542033231
"532" 0.394 0.338 0.36 0.394625742349544
"533" 0.401 0.382 0.396 0.417518537968511
"534" 0.559 0.579 0.566 0.558188805033352
"535" 0.738 0.76 0.778 0.700869883142411
"536" 0.098 0.108 0.107 0.119236049777682
"537" 0.78 0.799 0.813 0.728520480745323
"538" 0.042 0.035 0.038 0.0313957146237652
"539" 0.803 0.781 0.795 0.733631540139337
"540" 0.002 0 0.002 0.000143481575617388
"541" 0.054 0.061 0.074 0.0617715250367092
"542" 0.008 0.006 0.018 0.0065482764247109
"543" 0.244 0.255 0.276 0.300112444353724
"544" 0.764 0.787 0.838 0.742240369787267
"545" 0.915 0.906 0.918 0.830854195780041
"546" 0.129 0.151 0.158 0.170256207088785
"547" 0.456 0.444 0.467 0.487066063516751
"548" 0.689 0.71 0.712 0.680575433507901
"549" 0.592 0.625 0.653 0.609832413744412
"550" 0.6 0.609 0.596 0.59215621189223
"551" 0.526 0.503 0.507 0.512226599932133
"552" 0.627 0.579 0.617 0.596598355790192
"553" 0.493 0.523 0.531 0.523987413663176
"554" 0.671 0.671 0.663 0.639906498553245
"555" 0.502 0.5 0.5 0.509526559848085
"556" 0.957 0.966 0.963 0.880752869399402
"557" 0.833 0.841 0.838 0.776702138633449
"558" 0.791 0.805 0.793 0.731760210093613
"559" 0.339 0.369 0.383 0.394014990872602
"560" 0.839 0.86 0.875 0.810417229828741
"561" 0.636 0.67 0.648 0.623054595795866
"562" 0.848 0.853 0.868 0.760717431727448
"563" 0.725 0.693 0.722 0.659757532413068
"564" 0.45 0.459 0.472 0.488236347968643
"565" 0.667 0.695 0.671 0.641700427801749
"566" 0.664 0.68 0.686 0.63735417103171
"567" 0.868 0.878 0.884 0.797551890755411
"568" 0.144 0.131 0.134 0.145587690872947
"569" 0.956 0.954 0.973 0.878565270621563
"570" 0.341 0.35 0.355 0.392386060323238
"571" 0.61 0.623 0.613 0.60166685205161
"572" 0.203 0.178 0.177 0.211422924466015
"573" 0.296 0.29 0.323 0.318528220764132
"574" 0.57 0.557 0.581 0.575338806489664
"575" 0.67 0.66 0.675 0.63321628049026
"576" 0.773 0.766 0.787 0.722756106377461
"577" 0.5 0.518 0.514 0.521872892163846
"578" 0.553 0.568 0.551 0.555728979854138
"579" 0.985 0.984 0.994 0.93990469648846
"580" 0.703 0.679 0.677 0.651967114381128
"581" 0.7 0.721 0.725 0.690688833298284
"582" 0.707 0.708 0.711 0.666411885012017
"583" 0.556 0.592 0.57 0.562349282112629
"584" 0.876 0.876 0.873 0.81401478711323
"585" 0.748 0.728 0.72 0.673575147571326
"586" 0.339 0.321 0.311 0.361342234641754
"587" 0.998 0.988 0.998 0.920722556109632
"588" 0.57 0.523 0.594 0.564340351061398
"589" 0.852 0.847 0.875 0.777717004000693
"590" 0.961 0.948 0.959 0.85861736688326
"591" 0.231 0.225 0.229 0.27001024646757
"592" 0.705 0.732 0.743 0.683239073953401
"593" 0.256 0.279 0.289 0.312963484462478
"594" 0.412 0.406 0.406 0.42739318354762
"595" 0.809 0.841 0.845 0.79576730619786
"596" 0.161 0.144 0.161 0.193405619222111
"597" 0.281 0.288 0.29 0.323285558028549
"598" 0.578 0.551 0.599 0.57064654358982
"599" 0.687 0.668 0.727 0.658586431078621
"600" 0.25 0.266 0.252 0.285247594588164
"601" 0.815 0.817 0.868 0.7542760966921
"602" 0.022 0.02 0.033 0.0204525849669004
"603" 0.087 0.078 0.101 0.0960564377337735
"604" 0.469 0.486 0.52 0.512867387455259
"605" 0.372 0.373 0.382 0.393284082721007
"606" 0.704 0.703 0.701 0.673300040770134
"607" 0.833 0.843 0.84 0.757660502885934
"608" 0.029 0.042 0.043 0.0354740591862925
"609" 0.669 0.699 0.693 0.670906693382124
"610" 0.934 0.933 0.942 0.836064318847422
"611" 0.322 0.337 0.345 0.372915865452886
"612" 0.964 0.958 0.976 0.869070597289988
"613" 0.398 0.392 0.413 0.42710099483166
"614" 0.117 0.119 0.112 0.123171873883092
"615" 0.198 0.188 0.197 0.209513597783683
"616" 0.128 0.133 0.102 0.150517901118033
"617" 0.641 0.657 0.658 0.631368117383001
"618" 0.759 0.789 0.788 0.738202319913305
"619" 0.174 0.199 0.175 0.201459921195596
"620" 0.721 0.733 0.746 0.692600796156904
"621" 0.255 0.241 0.26 0.290474354805383
"622" 0.721 0.702 0.782 0.686098099755007
"623" 0.393 0.329 0.384 0.409266418394072
"624" 0.557 0.568 0.554 0.560970442263262
"625" 0.567 0.586 0.562 0.580564198984989
"626" 0.782 0.791 0.819 0.749738613124146
"627" 0.814 0.826 0.841 0.749843897579231
"628" 0.307 0.322 0.301 0.33989333240834
"629" 0.323 0.338 0.337 0.363118889479342
"630" 0.987 0.989 0.99 0.897023609697151
"631" 0.92 0.918 0.937 0.834968179193106
"632" 0.496 0.539 0.532 0.530793396659148
"633" 0.159 0.142 0.156 0.168250624708335
"634" 0.294 0.285 0.302 0.33060107262204
"635" 0.084 0.088 0.11 0.0962553218875857
"636" 0.645 0.681 0.681 0.639870626311234
"637" 0.631 0.641 0.668 0.629625526981983
"638" 0.728 0.724 0.769 0.68776593131829
"639" 0.379 0.404 0.4 0.428314563840508
"640" 0.98 0.979 0.986 0.906395059071438
"641" 0.014 0.007 0.021 0.0102373250719426
"642" 0.755 0.735 0.72 0.693274568353978
"643" 0.97 0.982 0.99 0.890949863856213
"644" 0.971 0.968 0.977 0.880799969185244
"645" 0.056 0.065 0.066 0.068553935906292
"646" 0.457 0.486 0.484 0.504280490560485
"647" 0.768 0.777 0.796 0.712633453557035
"648" 0.854 0.856 0.864 0.77245299302501
"649" 0.317 0.325 0.323 0.346183605493615
"650" 0.931 0.946 0.946 0.843930806645105
"651" 0.032 0.033 0.044 0.0364743195001744
"652" 0.669 0.682 0.709 0.662953518878827
"653" 0.183 0.158 0.187 0.19620818004098
"654" 0.923 0.92 0.932 0.810182641955945
"655" 0.748 0.762 0.773 0.701196294023201
"656" 0.64 0.635 0.635 0.612601645736925
"657" 0.702 0.706 0.707 0.661430165006582
"658" 0.389 0.348 0.362 0.407137028223115
"659" 0.877 0.892 0.882 0.790877387965954
"660" 0.857 0.861 0.87 0.768861187600076
"661" 0.224 0.238 0.236 0.267968936473027
"662" 0.2 0.207 0.217 0.232718723938556
"663" 0.676 0.709 0.757 0.656448017844925
"664" 0.052 0.061 0.073 0.0687884760074748
"665" 0.053 0.068 0.067 0.0635073008914357
"666" 0.265 0.26 0.289 0.307461917442806
"667" 0.268 0.284 0.296 0.307105259187566
"668" 0.93 0.896 0.925 0.814143719238974
"669" 0.476 0.492 0.485 0.508834189123262
"670" 0.362 0.373 0.409 0.412384005473212
"671" 0.986 0.981 0.986 0.929317953928097
"672" 0.341 0.348 0.366 0.384842218058254
"673" 0.931 0.936 0.938 0.826144421937151
"674" 0.056 0.048 0.051 0.0471074827890698
"675" 0.033 0.032 0.048 0.0322771160338244
"676" 0.612 0.616 0.662 0.613069942007424
"677" 0.928 0.923 0.953 0.83016900520745
"678" 0.33 0.335 0.349 0.366082416198431
"679" 0.713 0.714 0.741 0.681858813023818
"680" 0.173 0.155 0.166 0.185507782268179
"681" 0.036 0.034 0.03 0.0274021159836527
"682" 0.904 0.901 0.917 0.818818014363377
"683" 0.059 0.055 0.059 0.0715045318405547
"684" 0.896 0.897 0.907 0.798762013359593
"685" 0.798 0.783 0.807 0.741251408971954
"686" 0.649 0.652 0.655 0.630349559237539
"687" 0.318 0.314 0.367 0.363343249056921
"688" 0.598 0.609 0.615 0.603702560754361
"689" 0.117 0.098 0.107 0.129179103218148
"690" 0.43 0.443 0.45 0.459902495034098
"691" 0.437 0.408 0.395 0.447127772888758
"692" 0.262 0.264 0.306 0.30134697452112
"693" 0.186 0.209 0.184 0.221865137745237
"694" 0.865 0.893 0.893 0.781557587223503
"695" 0.447 0.469 0.475 0.491637136436169
"696" 0.188 0.203 0.241 0.239250563193981
"697" 0.251 0.251 0.296 0.309083645406066
"698" 0.366 0.389 0.369 0.400727449325366
"699" 0.795 0.795 0.829 0.723534433377181
"700" 0.265 0.27 0.282 0.295322545301729
"701" 0.688 0.716 0.75 0.688671836190295
"702" 0.29 0.298 0.287 0.327952435527396
"703" 0.795 0.802 0.802 0.722572617187339
"704" 0.969 0.965 0.966 0.867806340795873
"705" 0.649 0.63 0.65 0.625412762760571
"706" 0.968 0.959 0.976 0.861627641715229
"707" 0.376 0.362 0.394 0.392121105519101
"708" 0.53 0.526 0.515 0.534501082839091
"709" 0.43 0.439 0.433 0.474228115534133
"710" 0.953 0.965 0.966 0.898601321466256
"711" 0.379 0.388 0.389 0.421847672053663
"712" 0.143 0.185 0.17 0.180569791590202
"713" 0.785 0.798 0.806 0.727725352572906
"714" 0.117 0.129 0.149 0.150567137672857
"715" 0.591 0.592 0.606 0.60202772121113
"716" 0.843 0.833 0.851 0.759665358911555
"717" 0.683 0.668 0.727 0.642948819869398
"718" 0.624 0.637 0.63 0.626648146255409
"719" 0.047 0.047 0.055 0.0443348125662222
"720" 0.049 0.039 0.05 0.0446842573722357
"721" 0.146 0.168 0.156 0.168411161917511
"722" 0.308 0.315 0.327 0.350546784222509
"723" 0.804 0.821 0.815 0.728483584764423
"724" 0.082 0.09 0.089 0.0861100246225485
"725" 0.864 0.88 0.873 0.769154980257244
"726" 0.657 0.689 0.674 0.644177883773103
"727" 0.793 0.804 0.815 0.718362183275992
"728" 0.315 0.346 0.307 0.34941010325555
"729" 0.514 0.493 0.502 0.517167065809579
"730" 0.957 0.964 0.983 0.851250224175007
"731" 0.172 0.167 0.166 0.194470042548073
"732" 0.687 0.692 0.675 0.649621643352216
"733" 0.485 0.483 0.493 0.491731064129474
"734" 0.996 0.999 0.999 0.930329760134104
"735" 0.383 0.38 0.377 0.401912814731281
"736" 0.716 0.733 0.726 0.676858482489303
"737" 0.53 0.545 0.563 0.542548417228053
"738" 0.772 0.781 0.839 0.730483610135637
"739" 0.144 0.153 0.143 0.160190631432131
"740" 0.752 0.744 0.796 0.718651769658302
"741" 0.005 0.007 0.006 0.00309843385970032
"742" 0.735 0.736 0.735 0.690818690873152
"743" 0.085 0.081 0.081 0.0915686277862133
"744" 0.181 0.187 0.209 0.221441368532991
"745" 0.092 0.099 0.109 0.106385157709058
"746" 0.94 0.94 0.951 0.832273549610224
"747" 0.723 0.734 0.743 0.690516533560186
"748" 0.325 0.336 0.337 0.361566109171541
"749" 0.159 0.158 0.17 0.182812509888017
"750" 0.654 0.658 0.652 0.622210952366969
"751" 0.103 0.115 0.137 0.131834012505662
"752" 0.036 0.037 0.043 0.0315060457802804
"753" 0.079 0.079 0.075 0.071564478158604
"754" 0.798 0.82 0.83 0.733218601534013
"755" 0.213 0.206 0.206 0.237606087527955
"756" 0.896 0.903 0.89 0.803936083514141
"757" 0.354 0.377 0.36 0.398220161609212
"758" 0.407 0.399 0.394 0.42411776263726
"759" 0.542 0.529 0.536 0.556790594302498
"760" 0.317 0.336 0.356 0.371295514505619
"761" 0.188 0.179 0.172 0.192340920634433
"762" 0.064 0.054 0.063 0.0577953755866446
"763" 0.392 0.384 0.39 0.425675170267136
"764" 0.529 0.519 0.527 0.525471114995142
"765" 0.505 0.507 0.512 0.510599424235328
"766" 0.403 0.402 0.408 0.434613802065253
"767" 0.42 0.478 0.494 0.481147018207873
"768" 0.882 0.895 0.915 0.816260482422199
"769" 0.511 0.517 0.534 0.5248875166049
"770" 0.767 0.725 0.777 0.726794251875567
"771" 0.654 0.626 0.648 0.625434891392997
"772" 0.979 0.981 0.987 0.896123164843011
"773" 0.59 0.569 0.626 0.584335830812747
"774" 0.562 0.572 0.542 0.564994285912047
"775" 0.542 0.537 0.54 0.542019060399565
"776" 0.859 0.887 0.894 0.78207846118847
"777" 0.369 0.343 0.39 0.394953555150624
"778" 0.466 0.46 0.456 0.472815888605423
"779" 0.791 0.793 0.767 0.712140781677839
"780" 0.211 0.237 0.22 0.242504056749708
"781" 0.912 0.901 0.932 0.835034286369077
"782" 0.053 0.052 0.066 0.064748481788369
"783" 0.832 0.861 0.87 0.768988302002366
"784" 0.151 0.154 0.176 0.185591960151698
"785" 0.842 0.847 0.862 0.763575808461176
"786" 0.68 0.696 0.725 0.656025353357554
"787" 0.863 0.847 0.875 0.779484430502998
"788" 0.421 0.43 0.447 0.46121710719278
"789" 0.018 0.018 0.023 0.016928583985241
"790" 0.702 0.705 0.712 0.681575097443068
"791" 0.402 0.397 0.386 0.416058526615597
"792" 0.176 0.169 0.197 0.206618512259059
"793" 0.531 0.558 0.578 0.551952488731384
"794" 0.132 0.123 0.134 0.143889449399126
"795" 0.467 0.448 0.495 0.487215377611536
"796" 0.595 0.617 0.611 0.596999992851866
"797" 0.77 0.792 0.81 0.732183953224857
"798" 0.93 0.937 0.936 0.812767174740377
"799" 0.059 0.073 0.066 0.0561673079940849
"800" 0.562 0.572 0.549 0.554218326878946
"801" 0.236 0.242 0.24 0.283932963503568
"802" 0.874 0.884 0.9 0.804145077007568
"803" 0.83 0.843 0.849 0.752202982910665
"804" 0.611 0.593 0.645 0.619625423734155
"805" 0.532 0.522 0.523 0.527963586970494
"806" 0.037 0.043 0.053 0.0516021556690441
"807" 0.284 0.303 0.29 0.302054952700294
"808" 0.78 0.78 0.794 0.725116274994385
"809" 0.317 0.359 0.331 0.373922404782166
"810" 0.553 0.576 0.584 0.562948952351536
"811" 0.421 0.438 0.46 0.460458225167018
"812" 0.357 0.354 0.383 0.407155138216385
"813" 0.275 0.218 0.267 0.286291165278094
"814" 0.497 0.477 0.498 0.510270377367315
"815" 0.817 0.832 0.811 0.733298998176694
"816" 0.372 0.376 0.349 0.404747424533068
"817" 0.454 0.441 0.452 0.46335541315874
"818" 0.945 0.954 0.955 0.859928306619113
"819" 0.894 0.897 0.916 0.814448826690961
"820" 0.485 0.467 0.467 0.490428651049797
"821" 0.877 0.881 0.888 0.789977305570008
"822" 0.117 0.135 0.101 0.124809156205293
"823" 0.772 0.763 0.784 0.712772765105934
"824" 0.999 1 1 0.958189897408568
"825" 0.524 0.574 0.573 0.552856461173668
"826" 0.511 0.493 0.496 0.520707971387516
"827" 0.451 0.432 0.474 0.464830803665324
"828" 0.679 0.681 0.686 0.654956506472764
"829" 0.574 0.557 0.571 0.565813142646274
"830" 0.468 0.431 0.45 0.485040503090266
"831" 0.463 0.449 0.511 0.494602214426317
"832" 0.427 0.451 0.434 0.466894860170541
"833" 0.882 0.871 0.874 0.782526485450142
"834" 0.55 0.575 0.575 0.560478733108406
"835" 0.634 0.654 0.659 0.623371865823069
"836" 0.081 0.053 0.069 0.076918857365169
"837" 0.337 0.319 0.338 0.345975759494275
"838" 0.183 0.195 0.21 0.213372002538448
"839" 0.827 0.84 0.859 0.771246178751983
"840" 0.959 0.957 0.976 0.86238534458147
"841" 0.051 0.045 0.057 0.0438184630925695
"842" 0.233 0.239 0.232 0.262507133983996
"843" 0.923 0.886 0.915 0.829939661446616
"844" 0.828 0.826 0.834 0.748517179267079
"845" 0.665 0.639 0.652 0.629672199775823
"846" 0.886 0.918 0.92 0.837910988853295
"847" 0.264 0.287 0.287 0.310108229481507
"848" 0.885 0.888 0.882 0.773853343326177
"849" 0.902 0.917 0.91 0.812488885774537
"850" 0.217 0.226 0.21 0.251841598381332
"851" 0.522 0.538 0.535 0.529955251158649
"852" 0.06 0.047 0.08 0.0632587650548098
"853" 0.873 0.892 0.903 0.807302412855838
"854" 0.276 0.261 0.265 0.297123932215281
"855" 0.014 0.009 0.018 0.0101596143854153
"856" 0.717 0.686 0.703 0.66375273403953
"857" 0.464 0.438 0.472 0.484291883184837
"858" 0.045 0.047 0.049 0.0388047171207471
"859" 0.075 0.073 0.08 0.0772778491920451
"860" 0.014 0.005 0.013 0.00724393093587483
"861" 0.144 0.153 0.129 0.174958521709743
"862" 0.599 0.625 0.603 0.597175726020036
"863" 0.178 0.168 0.183 0.200858553275082
"864" 0.177 0.204 0.216 0.213733275300156
"865" 0.629 0.629 0.671 0.620401762798031
"866" 0.025 0.03 0.022 0.0191323125133303
"867" 0.19 0.197 0.2 0.247565962838765
"868" 0.343 0.36 0.351 0.381856140125609
"869" 0.502 0.518 0.48 0.52214337912547
"870" 0.636 0.693 0.697 0.650886623816799
"871" 0.578 0.577 0.616 0.589386360434223
"872" 0.211 0.205 0.216 0.249607736450191
"873" 0.764 0.771 0.775 0.719134575633096
"874" 0.575 0.586 0.617 0.584906830232212
"875" 0.546 0.57 0.579 0.56492046569297
"876" 0.605 0.618 0.659 0.613746432594449
"877" 0.196 0.194 0.182 0.201737468222109
"878" 0.369 0.434 0.406 0.441814498979419
"879" 0.59 0.607 0.575 0.591914834775333
"880" 0.401 0.419 0.429 0.42827562735956
"881" 0.973 0.977 0.97 0.873187079067555
"882" 0.304 0.281 0.291 0.342003531523877
"883" 0.288 0.279 0.307 0.345791169528784
"884" 0.222 0.222 0.238 0.253104091552618
"885" 0.059 0.051 0.059 0.0591983329855552
"886" 0.648 0.681 0.717 0.654097003260085
"887" 0.325 0.311 0.324 0.362643381876762
"888" 0.207 0.205 0.213 0.24373633381861
"889" 0.822 0.827 0.825 0.761924724672506
"890" 0.082 0.075 0.084 0.0919241961504148
"891" 0.653 0.627 0.66 0.628729110213279
"892" 0.52 0.532 0.538 0.539794826122439
"893" 0.741 0.767 0.771 0.710027490377807
"894" 0.615 0.634 0.649 0.616768930278808
"895" 0.882 0.923 0.928 0.813136125275791
"896" 0.492 0.501 0.494 0.505053449184706
"897" 0.757 0.766 0.791 0.697935319147168
"898" 0.65 0.66 0.65 0.641846223544943
"899" 0.55 0.552 0.547 0.544753544460988
"900" 0.389 0.377 0.395 0.412776602607239
"901" 0.824 0.825 0.847 0.767350973905637
"902" 0.126 0.101 0.107 0.117784839368188
"903" 0.203 0.206 0.209 0.225141947061579
"904" 0.51 0.53 0.514 0.519411230411962
"905" 0.515 0.488 0.539 0.510987372179691
"906" 0.615 0.632 0.623 0.622058976468776
"907" 0.311 0.319 0.3 0.345561193988586
"908" 0.074 0.069 0.081 0.0757989043896826
"909" 0.006 0.009 0.021 0.00815489418716298
"910" 0.026 0.048 0.046 0.0382237935808608
"911" 0.362 0.388 0.371 0.396102453621885
"912" 0.756 0.752 0.792 0.703267790080937
"913" 0.536 0.498 0.517 0.532288023029832
"914" 0.413 0.443 0.448 0.455545577146546
"915" 0.815 0.811 0.842 0.754502854682522
"916" 0.151 0.168 0.152 0.178271340538905
"917" 0.409 0.385 0.388 0.430317423749555
"918" 0.011 0.017 0.014 0.0131833737784076
"919" 0.828 0.828 0.865 0.752906183759168
"920" 0.19 0.163 0.179 0.192615830460511
"921" 0.46 0.45 0.493 0.484615709142186
"922" 0.203 0.194 0.198 0.221776564193607
"923" 0.537 0.557 0.585 0.563830955440064
"924" 0.397 0.419 0.443 0.431650712410308
"925" 0.582 0.6 0.587 0.572140906496661
"926" 0.962 0.95 0.979 0.84255319454881
"927" 0.914 0.902 0.922 0.803198709172938
"928" 0.796 0.805 0.796 0.737926140289769
"929" 0.481 0.447 0.47 0.480643637436923
"930" 0.829 0.822 0.793 0.730760057272786
"931" 0.466 0.487 0.501 0.508478147256807
"932" 0.186 0.219 0.19 0.217087065894854
"933" 0.936 0.942 0.959 0.867572678800916
"934" 0.655 0.625 0.631 0.612579581571107
"935" 0.858 0.857 0.894 0.776210690665139
"936" 0.207 0.224 0.222 0.251934588789516
"937" 0.773 0.777 0.776 0.715542161921852
"938" 0.539 0.561 0.574 0.547408673216765
"939" 0.115 0.089 0.107 0.107787777777608
"940" 0.253 0.285 0.26 0.292763957960108
"941" 0.263 0.252 0.257 0.289209921522417
"942" 0.592 0.599 0.595 0.58247813398137
"943" 0.079 0.066 0.075 0.0847264360171964
"944" 0.963 0.968 0.978 0.867597432720177
"945" 0.297 0.307 0.293 0.341830322005793
"946" 0.61 0.615 0.634 0.592975735149887
"947" 0.523 0.525 0.524 0.526487476979051
"948" 0.233 0.247 0.217 0.245938198495458
"949" 0.889 0.879 0.922 0.812207554524562
"950" 0.599 0.618 0.618 0.587421277701036
"951" 0.409 0.423 0.407 0.439508592592544
"952" 0.481 0.5 0.478 0.519193104246768
"953" 0.263 0.27 0.259 0.2882716094609
"954" 0.778 0.815 0.786 0.710951361069126
"955" 0.006 0.012 0.009 0.00759910938720176
"956" 0.038 0.035 0.04 0.0343501771694491
"957" 0.666 0.678 0.713 0.653340232512515
"958" 0.046 0.055 0.046 0.0451563458736789
"959" 0.361 0.362 0.364 0.384470078544698
"960" 0.514 0.518 0.52 0.526828086184377
"961" 0.3 0.326 0.351 0.354759128169722
"962" 0.237 0.251 0.288 0.293975726928055
"963" 0.807 0.792 0.823 0.726004545843803
"964" 0.721 0.735 0.734 0.686971946054586
"965" 0.248 0.237 0.261 0.270295933419524
"966" 0.696 0.701 0.724 0.666051102088581
"967" 0.558 0.533 0.528 0.534304257673984
"968" 0.389 0.384 0.39 0.408891912039547
"969" 0.19 0.19 0.19 0.227445122648529
"970" 0.818 0.801 0.826 0.738382171755539
"971" 0.044 0.052 0.054 0.0375503142699182
"972" 0.127 0.108 0.112 0.138131340692169
"973" 0.797 0.801 0.806 0.725821604583699
"974" 0.91 0.912 0.917 0.841147537671219
"975" 0.962 0.97 0.989 0.849906355533953
"976" 0.085 0.099 0.082 0.101528564258197
"977" 0.655 0.705 0.697 0.656994025601938
"978" 0.55 0.546 0.543 0.545068814262918
"979" 0.314 0.334 0.351 0.369352097989862
"980" 0.359 0.344 0.372 0.385676875878353
"981" 0.169 0.165 0.159 0.191147391309581
"982" 0.951 0.954 0.973 0.881142719171432
"983" 0.925 0.945 0.949 0.826159408244108
"984" 0.001 0.004 0.001 0.000652077704720533
"985" 0.656 0.652 0.678 0.642802021395712
"986" 0.654 0.668 0.695 0.643590544333289
"987" 0.95 0.94 0.951 0.875366141936633
"988" 0.403 0.387 0.417 0.430664826373297
"989" 0.028 0.031 0.035 0.0280823226858398
"990" 0.767 0.729 0.778 0.712424278570406
"991" 0.237 0.197 0.208 0.242313686967487
"992" 0.246 0.258 0.234 0.26997198040263
"993" 0.563 0.562 0.562 0.567707130900749
"994" 0.091 0.113 0.11 0.119343525827004
"995" 0.076 0.072 0.078 0.0823768612233556
"996" 0.213 0.203 0.19 0.219800581276906
"997" 0.661 0.646 0.676 0.640680362021597
"998" 0.236 0.267 0.253 0.271260538574843
"999" 0.755 0.714 0.757 0.691062934612428
"1000" 0.094 0.098 0.11 0.117417000985773
