"A" "B" "P" "BT"
"1" 0.468 0.491 0.498 0.503690048067025
"2" 0.77 0.745 0.791 0.715962664068678
"3" 0.034 0.022 0.046 0.0309342035090043
"4" 0.105 0.115 0.099 0.120258573614982
"5" 0.279 0.259 0.271 0.299511428825926
"6" 0.172 0.155 0.161 0.191901788370217
"7" 0.788 0.777 0.787 0.717242708404248
"8" 0.556 0.542 0.586 0.556373930476939
"9" 0.557 0.572 0.581 0.577391757302411
"10" 0.712 0.686 0.738 0.6686095170538
"11" 0.274 0.277 0.297 0.312363079560774
"12" 0.527 0.528 0.539 0.551401656698659
"13" 0.377 0.351 0.393 0.409408677129972
"14" 0.822 0.815 0.812 0.742503651919919
"15" 0.579 0.586 0.565 0.581362736052089
"16" 0.826 0.821 0.814 0.753164472419342
"17" 0.201 0.187 0.216 0.224664948963147
"18" 0.718 0.726 0.733 0.681040844164663
"19" 0.523 0.531 0.535 0.536452585038424
"20" 0.681 0.682 0.702 0.652053711266102
"21" 0.568 0.568 0.558 0.564887054856359
"22" 0.903 0.903 0.898 0.802513588260126
"23" 0.343 0.356 0.354 0.385933326885813
"24" 0.918 0.901 0.916 0.821942319344287
"25" 0.88 0.868 0.89 0.782322873167609
"26" 0.87 0.864 0.887 0.800119705427046
"27" 0.578 0.581 0.603 0.572444525633903
"28" 0.779 0.779 0.829 0.720195922254523
"29" 0.719 0.691 0.71 0.660206757129146
"30" 0.861 0.844 0.846 0.769087544069071
"31" 0.685 0.679 0.702 0.643749357625972
"32" 0.453 0.483 0.503 0.487265532555046
"33" 0.977 0.977 0.988 0.903020576336993
"34" 0.542 0.59 0.602 0.580656946415054
"35" 0.676 0.677 0.701 0.642825413349353
"36" 0.023 0.023 0.033 0.0217581546308698
"37" 0.938 0.955 0.973 0.859286119754416
"38" 0.405 0.4 0.429 0.440305195431855
"39" 0.007 0.008 0.012 0.00430683536819654
"40" 0.101 0.107 0.126 0.118556630737393
"41" 0.325 0.335 0.323 0.358981536674571
"42" 0.323 0.32 0.324 0.362998091798185
"43" 0.705 0.713 0.702 0.664260369033958
"44" 0.041 0.043 0.049 0.047913784545653
"45" 0.192 0.171 0.184 0.215517214386517
"46" 0.251 0.241 0.23 0.254209502080812
"47" 0.658 0.648 0.674 0.640241320904076
"48" 0.527 0.502 0.507 0.519295740002857
"49" 0.128 0.155 0.137 0.15655368635406
"50" 0.277 0.283 0.249 0.313892518218018
"51" 0.956 0.968 0.976 0.853159192381519
"52" 0.24 0.219 0.256 0.256651140136988
"53" 0.615 0.64 0.634 0.616236157711568
"54" 0.369 0.325 0.365 0.396964533938025
"55" 0.309 0.272 0.284 0.320839912126619
"56" 0.746 0.757 0.795 0.703539751750554
"57" 0.932 0.94 0.95 0.841583171981045
"58" 0.563 0.531 0.564 0.564413973314202
"59" 0.779 0.771 0.786 0.712805356596337
"60" 0.296 0.309 0.302 0.337996732101697
"61" 0.359 0.361 0.383 0.40168677615278
"62" 0.064 0.053 0.059 0.0608397491117203
"63" 0.782 0.812 0.783 0.734814045458349
"64" 0.798 0.814 0.848 0.740352144852803
"65" 0.12 0.116 0.123 0.135833472334782
"66" 0.392 0.405 0.436 0.444170092848356
"67" 0.497 0.5 0.49 0.517590516036611
"68" 0.337 0.345 0.335 0.377696744399058
"69" 0.116 0.114 0.131 0.157306110675034
"70" 0.441 0.404 0.414 0.444899813023471
"71" 0.663 0.641 0.673 0.634794069455766
"72" 0.392 0.397 0.378 0.412882342411148
"73" 0.286 0.272 0.29 0.326376828691194
"74" 0.552 0.556 0.557 0.553723625306228
"75" 0.573 0.555 0.576 0.578940565516264
"76" 0.942 0.937 0.957 0.839559171847093
"77" 0.606 0.606 0.596 0.602225937871355
"78" 0.753 0.752 0.766 0.699723526113996
"79" 0.559 0.561 0.534 0.551414982099592
"80" 0.666 0.664 0.64 0.630832636067771
"81" 0.097 0.094 0.101 0.102211960863426
"82" 0.562 0.579 0.57 0.562797883963342
"83" 0.923 0.915 0.932 0.832800373646772
"84" 0.392 0.366 0.386 0.417880732093602
"85" 0.888 0.886 0.896 0.795141922747174
"86" 0.683 0.682 0.688 0.650660281527006
"87" 0.591 0.601 0.636 0.602473811245072
"88" 0.292 0.29 0.321 0.329303032276966
"89" 0.383 0.378 0.38 0.40725335167789
"90" 0.578 0.569 0.567 0.561373836695531
"91" 0.189 0.199 0.234 0.239050182724733
"92" 0.914 0.925 0.923 0.810040850553553
"93" 0.213 0.187 0.194 0.238388002332408
"94" 0.244 0.219 0.209 0.264156850053899
"95" 0.905 0.904 0.916 0.790825849405701
"96" 0.759 0.765 0.803 0.721481196429141
"97" 0.443 0.443 0.462 0.470875354821026
"98" 0.783 0.812 0.817 0.724339094595355
"99" 0.16 0.165 0.155 0.179705928489401
"100" 0.894 0.89 0.923 0.794231687280442
"101" 0.512 0.52 0.49 0.524387278743729
"102" 0.644 0.661 0.669 0.628343418402208
"103" 0.35 0.346 0.351 0.396710885693449
"104" 0.001 0.002 0.002 0.0017364240860559
"105" 0.251 0.284 0.269 0.283970789004693
"106" 0.676 0.688 0.719 0.666847896317815
"107" 0.488 0.461 0.481 0.499956948662461
"108" 0.802 0.799 0.811 0.737025733249238
"109" 0.154 0.152 0.154 0.176014611336177
"110" 0.432 0.443 0.469 0.466788656201144
"111" 0.439 0.408 0.397 0.450736895563142
"112" 0.286 0.294 0.291 0.31625284011582
"113" 0.654 0.662 0.643 0.62554145611903
"114" 0.187 0.183 0.16 0.209519274006731
"115" 0.599 0.583 0.612 0.598879008279315
"116" 0.554 0.536 0.556 0.555612053446818
"117" 0.515 0.511 0.53 0.532226221588944
"118" 0.367 0.353 0.373 0.401664824600893
"119" 0.633 0.636 0.651 0.615651193706037
"120" 0.761 0.747 0.761 0.711903548010871
"121" 0.892 0.881 0.903 0.818400357755002
"122" 0.069 0.062 0.059 0.0744623718957038
"123" 0.492 0.448 0.477 0.501872563479374
"124" 0.913 0.915 0.929 0.825028787315371
"125" 0.412 0.409 0.408 0.427583493578845
"126" 0.131 0.116 0.163 0.155264664747197
"127" 0.649 0.649 0.667 0.632605074101954
"128" 0.133 0.114 0.127 0.144273429574779
"129" 0.531 0.536 0.567 0.541620734675549
"130" 0.834 0.839 0.854 0.76510654115599
"131" 0.014 0.01 0.006 0.0064114102557562
"132" 0.37 0.349 0.374 0.398858012551794
"133" 0.764 0.785 0.744 0.706292727488212
"134" 0.023 0.039 0.028 0.0272088355300243
"135" 0.296 0.353 0.342 0.369768088424432
"136" 0.21 0.208 0.196 0.232444818314692
"137" 0.034 0.016 0.043 0.0234641923634435
"138" 0.66 0.673 0.653 0.627015136616187
"139" 0.737 0.717 0.71 0.673381966067909
"140" 0.216 0.203 0.227 0.242111726101519
"141" 0.955 0.943 0.959 0.860457334305093
"142" 0.971 0.975 0.976 0.88076578094681
"143" 0.608 0.638 0.63 0.600985426370901
"144" 0.346 0.348 0.356 0.369619502843127
"145" 0.595 0.611 0.597 0.594966017439109
"146" 0.554 0.53 0.518 0.548795179617835
"147" 0.327 0.316 0.329 0.361120310329648
"148" 0.923 0.929 0.942 0.824554427064638
"149" 0.405 0.395 0.44 0.441033896248054
"150" 0.627 0.649 0.663 0.623817397534162
"151" 0.788 0.813 0.831 0.748442503526398
"152" 0.139 0.145 0.144 0.171604722069
"153" 0.191 0.198 0.191 0.215900551855027
"154" 0.392 0.367 0.392 0.422647601436998
"155" 0.625 0.622 0.586 0.591528870808051
"156" 0.806 0.802 0.831 0.726355174336064
"157" 0.641 0.67 0.655 0.621090548342391
"158" 0.095 0.115 0.111 0.110216114558846
"159" 0.693 0.677 0.708 0.651266119264151
"160" 0.103 0.11 0.098 0.108010965540722
"161" 0.418 0.423 0.423 0.439969116873096
"162" 0.943 0.962 0.964 0.862507357598755
"163" 0.175 0.211 0.189 0.208860655699016
"164" 0.06 0.063 0.078 0.06013867688025
"165" 0.675 0.665 0.692 0.634413675625846
"166" 0.76 0.758 0.778 0.731970500180873
"167" 0.319 0.334 0.283 0.330672171723699
"168" 0.91 0.915 0.924 0.80647615282017
"169" 0.279 0.273 0.277 0.292647169992337
"170" 0.49 0.47 0.475 0.495833464074265
"171" 0.652 0.699 0.687 0.64469912801881
"172" 0.95 0.944 0.956 0.856204423435146
"173" 0.124 0.1 0.135 0.119626976151151
"174" 0.296 0.285 0.28 0.322505767611549
"175" 0.903 0.904 0.914 0.826698475955766
"176" 0.545 0.536 0.535 0.567130973543951
"177" 0.304 0.31 0.302 0.351940490481957
"178" 0.526 0.53 0.562 0.55122101452197
"179" 0.657 0.648 0.651 0.645609236910382
"180" 0.257 0.234 0.219 0.272056947053949
"181" 0.377 0.392 0.411 0.443172620729397
"182" 0.429 0.464 0.457 0.473724519188427
"183" 0.817 0.813 0.82 0.736538018485086
"184" 0.303 0.296 0.291 0.329031025695228
"185" 0.519 0.522 0.534 0.538137341687903
"186" 0.261 0.267 0.266 0.298767288001643
"187" 0.267 0.254 0.261 0.302800424315504
"188" 0.648 0.641 0.669 0.62736671940958
"189" 0.478 0.467 0.464 0.485185908940525
"190" 0.495 0.511 0.535 0.535856683738854
"191" 0.398 0.375 0.421 0.419449987986682
"192" 0.537 0.544 0.544 0.550714670771615
"193" 0.995 0.994 0.994 0.920980016198075
"194" 0.888 0.895 0.922 0.810938016145677
"195" 0.056 0.05 0.064 0.0589786885165293
"196" 0.783 0.782 0.806 0.71906680267265
"197" 0.598 0.598 0.583 0.5947733859345
"198" 0.18 0.2 0.177 0.208628310146675
"199" 0.817 0.824 0.837 0.755218152547104
"200" 0.593 0.597 0.597 0.589997716200253
"201" 0.942 0.934 0.946 0.824554059004377
"202" 0.823 0.794 0.857 0.773538144182289
"203" 0.646 0.683 0.693 0.646588438152115
"204" 0.992 0.984 0.994 0.914785188888317
"205" 0.973 0.979 0.981 0.907996362180204
"206" 0.17 0.129 0.13 0.175691281983807
"207" 0.271 0.263 0.274 0.324380710543347
"208" 0.757 0.743 0.768 0.695383006799754
"209" 0.846 0.853 0.846 0.775869580322708
"210" 0.242 0.26 0.305 0.293670250696462
"211" 0.713 0.706 0.761 0.67997373719819
"212" 0.409 0.439 0.419 0.452035900193772
"213" 0.14 0.148 0.159 0.170172149027054
"214" 0.209 0.176 0.197 0.225269702178522
"215" 0.197 0.201 0.213 0.237707061135435
"216" 0.001 0.003 0.002 0.00118292698379729
"217" 0.567 0.546 0.6 0.557080768881558
"218" 0.476 0.48 0.504 0.511643206854209
"219" 0.868 0.903 0.895 0.787505851138015
"220" 0.746 0.711 0.772 0.688047451808026
"221" 0.054 0.058 0.078 0.0618930657773088
"222" 0.634 0.618 0.663 0.631968317655594
"223" 0.318 0.272 0.291 0.32274854021769
"224" 0.859 0.865 0.867 0.788444017717701
"225" 0.189 0.234 0.221 0.250187356388161
"226" 0.101 0.099 0.102 0.112297011936622
"227" 0.702 0.66 0.661 0.644679732838731
"228" 0.923 0.93 0.943 0.854278003826799
"229" 0.803 0.759 0.774 0.729519245235579
"230" 0.529 0.525 0.562 0.536761145561593
"231" 0.661 0.685 0.724 0.653381542352981
"232" 0.672 0.675 0.675 0.646405702228041
"233" 0.7 0.731 0.697 0.667957059985403
"234" 0.204 0.221 0.228 0.246635841350616
"235" 0.745 0.751 0.771 0.695464579073335
"236" 0.316 0.298 0.314 0.354140524911611
"237" 0.416 0.418 0.437 0.449801955036973
"238" 0.439 0.413 0.458 0.443656334502211
"239" 0.497 0.522 0.503 0.524945189620429
"240" 0.377 0.374 0.419 0.415548663431341
"241" 0.761 0.773 0.786 0.702873156062408
"242" 0.126 0.139 0.161 0.164510280174768
"243" 0.216 0.205 0.179 0.227463112577958
"244" 0.636 0.613 0.62 0.606749285219681
"245" 0.45 0.454 0.428 0.460260246266897
"246" 0.325 0.315 0.335 0.35255406130382
"247" 0.439 0.457 0.449 0.472183072546445
"248" 0.537 0.58 0.583 0.56461075019028
"249" 0.505 0.543 0.544 0.548597595899349
"250" 0.755 0.75 0.733 0.677747172593312
"251" 0.262 0.26 0.267 0.303709777803174
"252" 0.357 0.346 0.311 0.368569743564398
"253" 0.138 0.138 0.169 0.172272432557988
"254" 0.995 0.997 0.997 0.936308967083803
"255" 0.746 0.754 0.772 0.698670054863694
"256" 0.575 0.557 0.566 0.580525867578833
"257" 0.803 0.809 0.807 0.726622069073744
"258" 0.764 0.777 0.804 0.727095958550156
"259" 0.95 0.944 0.965 0.8574503432077
"260" 0.071 0.071 0.072 0.0704088532762668
"261" 0.011 0.013 0.013 0.008766020202706
"262" 0.869 0.88 0.868 0.804960872940489
"263" 0.974 0.972 0.973 0.879400748074854
"264" 0.705 0.68 0.729 0.660442551397824
"265" 0.756 0.779 0.76 0.730413105466222
"266" 0.489 0.476 0.464 0.506274055226965
"267" 0.768 0.757 0.794 0.71163887229333
"268" 0.102 0.101 0.112 0.116593371063717
"269" 0.427 0.444 0.452 0.460434168627751
"270" 0.371 0.367 0.366 0.395409727247768
"271" 0.472 0.449 0.499 0.490479281562268
"272" 0.738 0.729 0.743 0.675796976955627
"273" 0.083 0.088 0.076 0.0897102777462405
"274" 0.672 0.636 0.635 0.615181261124868
"275" 0.363 0.344 0.357 0.376491478450965
"276" 0.021 0.028 0.03 0.0219630314521647
"277" 0.262 0.281 0.266 0.302280525368591
"278" 0.621 0.617 0.63 0.615132554284456
"279" 0.518 0.543 0.537 0.544643229423369
"280" 0.483 0.447 0.461 0.483345865833495
"281" 0.724 0.743 0.762 0.687721288513996
"282" 0.203 0.209 0.209 0.215388363406003
"283" 0.675 0.713 0.705 0.654144562234211
"284" 0.627 0.616 0.625 0.602723503669333
"285" 0.935 0.934 0.925 0.842911525311353
"286" 0.405 0.394 0.394 0.413048649490166
"287" 0.214 0.218 0.234 0.252820779402998
"288" 0.501 0.511 0.473 0.501784381557419
"289" 0.636 0.639 0.675 0.637248239238855
"290" 0.003 0.009 0.012 0.00472513083579407
"291" 0.967 0.974 0.979 0.921652226456928
"292" 0.218 0.221 0.229 0.261727181352795
"293" 0.551 0.57 0.591 0.571566230361069
"294" 0.37 0.402 0.394 0.42455400261227
"295" 0.63 0.596 0.629 0.612445799679922
"296" 0.102 0.086 0.088 0.0958971581952501
"297" 0.65 0.656 0.657 0.61443936861697
"298" 0.902 0.901 0.911 0.816259518978996
"299" 0.503 0.503 0.52 0.523538828727766
"300" 0.071 0.099 0.076 0.083143529511941
"301" 0.466 0.44 0.445 0.483561566541511
"302" 0.158 0.133 0.157 0.155858080631033
"303" 0.927 0.936 0.922 0.822732443253046
"304" 0.179 0.187 0.187 0.203038771844561
"305" 0.512 0.518 0.546 0.532228214110558
"306" 0.832 0.861 0.873 0.788431571902216
"307" 0.297 0.305 0.312 0.33281758550173
"308" 0.896 0.887 0.899 0.800188171615614
"309" 0.804 0.815 0.804 0.73848566606913
"310" 0.963 0.96 0.97 0.865014316088267
"311" 0.067 0.065 0.088 0.0855615141559255
"312" 0.304 0.284 0.273 0.316996071712204
"313" 0.697 0.723 0.71 0.669308193194628
"314" 0.464 0.425 0.426 0.457096795784451
"315" 0.72 0.736 0.772 0.695179090027305
"316" 0.801 0.818 0.836 0.739160849301727
"317" 0.161 0.154 0.16 0.190193530482401
"318" 0.033 0.043 0.044 0.0399449993650427
"319" 0.587 0.596 0.63 0.583589283119719
"320" 0.321 0.32 0.345 0.371227496189416
"321" 0.269 0.275 0.251 0.295189846446817
"322" 0.009 0.01 0.018 0.00940725319549585
"323" 0.899 0.88 0.909 0.785093488479128
"324" 0.389 0.413 0.418 0.432483479207954
"325" 0.027 0.031 0.04 0.025421870715793
"326" 0.627 0.644 0.627 0.618744646911234
"327" 0.887 0.884 0.887 0.805807065134491
"328" 0.304 0.333 0.331 0.349845278961832
"329" 0.203 0.214 0.235 0.260880719739339
"330" 0.325 0.332 0.329 0.370729388098822
"331" 0.694 0.69 0.729 0.669274896376366
"332" 0.395 0.44 0.439 0.455772190250043
"333" 0.793 0.794 0.822 0.731371433359201
"334" 0.247 0.251 0.266 0.294612816782312
"335" 0.463 0.503 0.457 0.490472732814633
"336" 0.777 0.743 0.783 0.716284393756334
"337" 0.811 0.846 0.838 0.760268559267523
"338" 0.193 0.172 0.195 0.213811558510709
"339" 0.286 0.325 0.315 0.338586114513019
"340" 0.311 0.308 0.338 0.33710548291965
"341" 0.427 0.41 0.437 0.462587785463368
"342" 0.096 0.061 0.088 0.0717388052351644
"343" 0.825 0.821 0.83 0.758824311149019
"344" 0.017 0.025 0.027 0.0212790323650525
"345" 0.997 0.999 0.997 0.945882879056095
"346" 0.541 0.536 0.562 0.547370193828444
"347" 0.752 0.731 0.74 0.676259819702282
"348" 0.886 0.882 0.902 0.796086617985766
"349" 0.28 0.291 0.296 0.340244351524211
"350" 0.349 0.293 0.321 0.356785845521844
"351" 0.005 0.014 0.01 0.00436679442764243
"352" 0.848 0.834 0.85 0.760435500561307
"353" 0.375 0.37 0.379 0.400444818638684
"354" 0.592 0.573 0.598 0.576106552063262
"355" 0.848 0.85 0.853 0.762538512400397
"356" 0.467 0.457 0.46 0.475809336498809
"357" 0.321 0.328 0.329 0.365046907202288
"358" 0.351 0.336 0.357 0.376317378001666
"359" 0.228 0.223 0.233 0.253015243272025
"360" 0.221 0.186 0.186 0.235960200590432
"361" 0.267 0.259 0.288 0.301614674597268
"362" 0.657 0.664 0.695 0.640392038745061
"363" 0.614 0.6 0.637 0.587323538911169
"364" 0.6 0.635 0.653 0.611957959019417
"365" 0.655 0.683 0.682 0.633324376492889
"366" 0.802 0.806 0.825 0.73881940452381
"367" 0.575 0.574 0.595 0.581163194370958
"368" 0.931 0.936 0.94 0.823712387314533
"369" 0.931 0.951 0.955 0.850353197838018
"370" 0.224 0.209 0.207 0.22730367293583
"371" 0.856 0.851 0.86 0.777012833572426
"372" 0.482 0.452 0.488 0.489281186289628
"373" 0.66 0.635 0.639 0.631678576732087
"374" 0.174 0.183 0.173 0.209840595679263
"375" 0.615 0.643 0.6 0.603887605877184
"376" 0.635 0.655 0.645 0.609275910884973
"377" 0.095 0.077 0.093 0.0867386291820393
"378" 0.539 0.547 0.529 0.556465563218916
"379" 0.306 0.304 0.305 0.329439237411229
"380" 0.463 0.488 0.498 0.494933486254198
"381" 0.76 0.783 0.75 0.70942729956506
"382" 0.303 0.307 0.306 0.336178812872607
"383" 0.734 0.742 0.726 0.692374666749882
"384" 0.898 0.901 0.925 0.812278160940578
"385" 0.037 0.013 0.024 0.022540963375834
"386" 0.212 0.234 0.232 0.264722938664096
"387" 0.825 0.824 0.845 0.753877687022225
"388" 0.884 0.876 0.887 0.776489937340723
"389" 0.351 0.352 0.339 0.376253086295089
"390" 0.321 0.333 0.324 0.356350325974405
"391" 0.62 0.611 0.634 0.605167584743342
"392" 0.497 0.486 0.511 0.515396556854514
"393" 0.461 0.457 0.484 0.476847018772289
"394" 0.494 0.482 0.452 0.503626672896127
"395" 0.004 0.006 0.006 0.00225882783238751
"396" 0.407 0.451 0.44 0.460127572386027
"397" 0.827 0.854 0.85 0.759835486729982
"398" 0.392 0.398 0.405 0.430456945864304
"399" 0.147 0.159 0.172 0.167668938879584
"400" 0.262 0.286 0.284 0.317581505302599
"401" 0.283 0.27 0.255 0.289148650629167
"402" 0.393 0.408 0.418 0.415399838546384
"403" 0.137 0.147 0.143 0.182974866005579
"404" 0.993 0.992 0.996 0.899417074837213
"405" 0.017 0.016 0.016 0.00966505874153845
"406" 0.687 0.672 0.698 0.647610998947482
"407" 0.871 0.868 0.892 0.779097654089503
"408" 0.603 0.589 0.6 0.598551910067264
"409" 0.444 0.47 0.493 0.479508652576632
"410" 0.499 0.523 0.496 0.509526396922708
"411" 0.043 0.058 0.061 0.047707834376387
"412" 0.183 0.183 0.189 0.21752599423902
"413" 0.785 0.749 0.784 0.711320011150941
"414" 0.552 0.58 0.56 0.562829165693496
"415" 0.256 0.237 0.216 0.285697366848169
"416" 0.813 0.796 0.797 0.727409351266499
"417" 0.588 0.579 0.618 0.589340885379649
"418" 0.923 0.904 0.928 0.835660960732163
"419" 0.728 0.692 0.72 0.675920576496804
"420" 0.617 0.652 0.64 0.608790801272008
"421" 0.347 0.354 0.394 0.395575767922455
"422" 0.447 0.4 0.434 0.457146853975293
"423" 0.255 0.275 0.245 0.280133778042995
"424" 0.918 0.908 0.919 0.81923409727243
"425" 0.279 0.287 0.304 0.323948969801123
"426" 0.652 0.66 0.685 0.634467201120029
"427" 0.774 0.78 0.808 0.718821859666437
"428" 0.107 0.114 0.128 0.133457679930306
"429" 0.05 0.046 0.065 0.0598485440638741
"430" 0.548 0.498 0.555 0.559291344769138
"431" 0.162 0.144 0.158 0.172981686086539
"432" 0.808 0.826 0.837 0.761380643444328
"433" 0.796 0.82 0.827 0.746238748952745
"434" 0.271 0.258 0.269 0.293480619242688
"435" 0.953 0.977 0.966 0.870759304922692
"436" 0.079 0.061 0.082 0.0773411259567752
"437" 0.412 0.42 0.389 0.434442472933845
"438" 0.775 0.798 0.81 0.752532926725642
"439" 0.603 0.645 0.621 0.610234461005559
"440" 0.483 0.49 0.48 0.498768167904186
"441" 0.118 0.125 0.151 0.151449140524835
"442" 0.483 0.475 0.475 0.49063067190591
"443" 0.497 0.527 0.504 0.518088504346314
"444" 0.094 0.102 0.101 0.116407498748649
"445" 0.135 0.139 0.114 0.143513636910573
"446" 0.906 0.897 0.926 0.822924989459344
"447" 0.907 0.912 0.925 0.82617262590962
"448" 0.528 0.562 0.564 0.567834908468997
"449" 0.393 0.39 0.413 0.428378984159458
"450" 0.465 0.444 0.449 0.4774303724753
"451" 0.778 0.786 0.796 0.737215313120527
"452" 0.482 0.5 0.491 0.501368901988298
"453" 0.454 0.414 0.398 0.442804604098696
"454" 0.684 0.646 0.64 0.64225294808438
"455" 0.792 0.803 0.803 0.74254326272139
"456" 0.789 0.777 0.792 0.724858893278914
"457" 0.001 0.004 0.006 0.00150493788942796
"458" 0.578 0.589 0.628 0.579485360308224
"459" 0.691 0.712 0.737 0.683987564583032
"460" 0.689 0.649 0.659 0.645403221272244
"461" 0.243 0.25 0.236 0.267320176450475
"462" 0.289 0.277 0.271 0.302696753682209
"463" 0.28 0.293 0.298 0.325337783537093
"464" 0 0.001 0 2.77120019358534e-05
"465" 0.746 0.749 0.771 0.699490006946154
"466" 0.086 0.112 0.097 0.109422206877392
"467" 0.326 0.305 0.336 0.35177137463853
"468" 0.344 0.322 0.348 0.367925231639747
"469" 0.131 0.133 0.145 0.149498462546289
"470" 0.832 0.837 0.86 0.760241082144914
"471" 0.447 0.442 0.476 0.479054027122163
"472" 0.338 0.353 0.367 0.383198124455958
"473" 0.161 0.175 0.182 0.199790399166813
"474" 0.507 0.515 0.546 0.526849346793438
"475" 0.555 0.589 0.599 0.570867043320377
"476" 0.363 0.39 0.391 0.402333313730508
"477" 0.54 0.571 0.557 0.569317980241703
"478" 0.08 0.077 0.082 0.0835663882374644
"479" 0.299 0.3 0.338 0.347773607409696
"480" 0.596 0.631 0.625 0.605198626910623
"481" 0.178 0.189 0.19 0.207409321637417
"482" 0.051 0.043 0.051 0.0406971389566538
"483" 0.273 0.254 0.278 0.320831730919092
"484" 0.534 0.516 0.512 0.533223519555667
"485" 0.889 0.897 0.915 0.799846826700547
"486" 0.409 0.391 0.412 0.447821796614821
"487" 0.457 0.462 0.452 0.485976927816863
"488" 0.737 0.764 0.781 0.688085377839904
"489" 0.905 0.898 0.921 0.84271132618239
"490" 0.079 0.056 0.08 0.0722707949630186
"491" 0.575 0.565 0.582 0.563674021090802
"492" 0.673 0.692 0.709 0.640663332007112
"493" 0.756 0.769 0.754 0.714424272313369
"494" 0.041 0.042 0.065 0.0518117801654524
"495" 0.769 0.807 0.822 0.732061202334013
"496" 0.799 0.792 0.809 0.740389584280809
"497" 0.118 0.117 0.135 0.146859790647581
"498" 0.649 0.651 0.685 0.630293195200522
"499" 0.219 0.207 0.231 0.252928314584554
"500" 0.007 0.017 0.013 0.0108989574890327
"501" 0.419 0.439 0.469 0.459563485754969
"502" 0.756 0.755 0.766 0.703638949961124
"503" 0.465 0.453 0.447 0.479858798600612
"504" 0.001 0.003 0.001 0.000469336882996885
"505" 0.463 0.446 0.467 0.480379381518244
"506" 0.181 0.194 0.174 0.21353014470727
"507" 0.695 0.7 0.679 0.638944448801551
"508" 0.71 0.678 0.688 0.666473504779917
"509" 0.234 0.246 0.248 0.280572153674298
"510" 0.974 0.98 0.981 0.888868650007503
"511" 0.521 0.519 0.522 0.537923306374725
"512" 0.35 0.374 0.409 0.403791333755398
"513" 0.79 0.75 0.811 0.718970879504333
"514" 0.263 0.266 0.268 0.289512537031297
"515" 0.249 0.233 0.218 0.264544423102812
"516" 0.993 0.993 0.998 0.937207872473476
"517" 0.122 0.139 0.136 0.149818336318096
"518" 0.862 0.853 0.88 0.803201666932003
"519" 0.588 0.581 0.558 0.577748291018396
"520" 0.823 0.816 0.807 0.747032758937518
"521" 0.451 0.42 0.398 0.459424765938622
"522" 0.896 0.901 0.929 0.834528138795771
"523" 0.267 0.299 0.294 0.320063545746762
"524" 0.584 0.594 0.597 0.576778592031419
"525" 0.425 0.421 0.443 0.456214823867174
"526" 0.685 0.679 0.696 0.648041738268215
"527" 0.043 0.039 0.05 0.0460037356904993
"528" 0.253 0.256 0.254 0.291342575854177
"529" 0.1 0.098 0.099 0.104431396121711
"530" 0.866 0.823 0.844 0.765787795050622
"531" 0.333 0.327 0.353 0.35780473358936
"532" 0.858 0.809 0.848 0.761461857715574
"533" 0.205 0.219 0.217 0.240491165592798
"534" 0.321 0.329 0.318 0.361895148623746
"535" 0.538 0.572 0.587 0.559768729480756
"536" 0.64 0.622 0.591 0.596601967167297
"537" 0.462 0.465 0.48 0.493164388391287
"538" 0.406 0.42 0.417 0.443163310882297
"539" 0.42 0.411 0.444 0.446221107113028
"540" 0.372 0.353 0.38 0.416604411760187
"541" 0.428 0.433 0.457 0.456480974337473
"542" 0.381 0.36 0.385 0.413302602947696
"543" 0.176 0.197 0.201 0.230711134841531
"544" 0.379 0.407 0.377 0.415621076431004
"545" 0.695 0.71 0.73 0.671377407209091
"546" 0.155 0.164 0.159 0.176512302792228
"547" 0.236 0.192 0.203 0.227700683353979
"548" 0.025 0.027 0.033 0.0249075830587517
"549" 0.307 0.291 0.294 0.322904252099769
"550" 0.197 0.2 0.195 0.231945657632499
"551" 0.577 0.598 0.623 0.59397369060085
"552" 0.835 0.847 0.865 0.761848062002965
"553" 0.111 0.127 0.102 0.131526311838966
"554" 0.453 0.431 0.438 0.462419914979702
"555" 0.033 0.049 0.052 0.0456858350739251
"556" 0.254 0.249 0.261 0.284540833338273
"557" 0.976 0.979 0.984 0.882511151157245
"558" 0.199 0.213 0.207 0.235933490627508
"559" 0.459 0.468 0.484 0.480728429198185
"560" 0.759 0.767 0.78 0.70751785451055
"561" 0.881 0.886 0.906 0.784210346325055
"562" 0.87 0.861 0.878 0.789161565946067
"563" 0.852 0.878 0.866 0.777811972877936
"564" 0.277 0.267 0.291 0.289273983699967
"565" 0.973 0.973 0.991 0.885646161181331
"566" 0.04 0.03 0.036 0.0326094797766748
"567" 0.654 0.687 0.681 0.632721651508129
"568" 0.429 0.425 0.435 0.460951129869304
"569" 0.234 0.244 0.272 0.286724844161674
"570" 0.808 0.816 0.817 0.768859874531064
"571" 0.455 0.435 0.468 0.475664010333361
"572" 0.339 0.308 0.322 0.356152277991879
"573" 0.64 0.623 0.63 0.603047023238906
"574" 0.776 0.757 0.763 0.700193906198979
"575" 0.577 0.574 0.574 0.584341262794598
"576" 0.822 0.804 0.834 0.741073315252462
"577" 0.598 0.608 0.607 0.590481718456255
"578" 0.231 0.223 0.24 0.2570509120526
"579" 0.562 0.559 0.576 0.567931155673563
"580" 0.411 0.398 0.39 0.43763576662844
"581" 0.703 0.715 0.732 0.674601735468383
"582" 0.562 0.577 0.554 0.557032295950368
"583" 0.412 0.399 0.39 0.43626745369599
"584" 0.796 0.783 0.828 0.745910383902805
"585" 0.084 0.082 0.081 0.0901093324000475
"586" 0.553 0.561 0.555 0.560783962021955
"587" 0.204 0.205 0.215 0.235435537005245
"588" 0.481 0.486 0.486 0.51873185702322
"589" 0.318 0.305 0.353 0.368539121565638
"590" 0.298 0.322 0.304 0.330495488497421
"591" 0.967 0.956 0.963 0.867752536358576
"592" 0.233 0.266 0.292 0.295008908295649
"593" 0.853 0.844 0.867 0.779435743262166
"594" 0.891 0.922 0.911 0.825010860112122
"595" 0.582 0.615 0.626 0.59813142628382
"596" 0.674 0.659 0.686 0.638495244174232
"597" 0.018 0.018 0.035 0.0282529473668847
"598" 0.618 0.644 0.651 0.61722453727618
"599" 0.216 0.239 0.249 0.249002396780448
"600" 0.592 0.588 0.623 0.589111486406819
"601" 0.585 0.598 0.596 0.59107052513358
"602" 0.142 0.148 0.166 0.159948465355755
"603" 0.121 0.129 0.128 0.139711131915763
"604" 0.502 0.469 0.48 0.490822051862646
"605" 0.909 0.907 0.928 0.819122791842137
"606" 0.329 0.379 0.373 0.392052439517032
"607" 0.819 0.808 0.81 0.73775619408885
"608" 0.9 0.884 0.91 0.797606462831105
"609" 0.783 0.745 0.784 0.694321748275336
"610" 0.77 0.777 0.824 0.721786871059788
"611" 0.727 0.765 0.788 0.706056086118655
"612" 0.29 0.274 0.271 0.3109176850928
"613" 0.452 0.446 0.473 0.481560904476655
"614" 0.779 0.77 0.801 0.73313151159734
"615" 0.583 0.585 0.602 0.578406066577201
"616" 0.331 0.333 0.321 0.346426988345818
"617" 0.794 0.785 0.829 0.724169579338727
"618" 0.688 0.655 0.685 0.648079014278875
"619" 0.599 0.618 0.631 0.609758187930171
"620" 0.491 0.452 0.482 0.490187251027896
"621" 0.157 0.174 0.176 0.193155596926935
"622" 0.443 0.413 0.436 0.458252040282716
"623" 0.059 0.054 0.061 0.0531948818763356
"624" 0.322 0.283 0.308 0.357367065791952
"625" 0.216 0.214 0.238 0.253088810480976
"626" 0.187 0.198 0.211 0.224363838608262
"627" 0.418 0.415 0.408 0.436894349476143
"628" 0.279 0.27 0.291 0.304335938388348
"629" 0.645 0.653 0.666 0.627033679808848
"630" 0.784 0.803 0.812 0.747706173843706
"631" 0.026 0.024 0.036 0.0342262899151742
"632" 0.208 0.215 0.224 0.237886978666465
"633" 0.766 0.768 0.782 0.702112890094343
"634" 0.314 0.321 0.323 0.361648529968116
"635" 0.486 0.544 0.515 0.522372713926626
"636" 0.001 0.001 0.003 0.000466186978725025
"637" 0.065 0.065 0.063 0.0711767076209446
"638" 0.434 0.442 0.426 0.457339168177529
"639" 0.399 0.41 0.392 0.429564953950518
"640" 0.866 0.869 0.878 0.790541761333293
"641" 0.585 0.588 0.58 0.584547709785508
"642" 0.001 0 0.004 0.000889142026057499
"643" 0.683 0.687 0.712 0.652439332113301
"644" 0.534 0.53 0.574 0.553042771467236
"645" 0.964 0.968 0.974 0.860884853741774
"646" 0.192 0.178 0.179 0.198837932975328
"647" 0.21 0.209 0.211 0.250632446392688
"648" 0.814 0.786 0.822 0.748073844360534
"649" 0.764 0.779 0.792 0.710700374307113
"650" 0.642 0.621 0.646 0.622129489592121
"651" 0.207 0.223 0.26 0.264450867196268
"652" 0.518 0.495 0.524 0.528738484909063
"653" 0.451 0.456 0.443 0.466062382554225
"654" 0.733 0.759 0.775 0.705234885732543
"655" 0.952 0.963 0.971 0.838747243225174
"656" 0.699 0.692 0.702 0.66065434987849
"657" 0.334 0.334 0.351 0.387952923456291
"658" 0.636 0.634 0.641 0.630762350567167
"659" 0.769 0.787 0.812 0.722776782086847
"660" 0.308 0.317 0.311 0.334837580313658
"661" 0.624 0.641 0.655 0.628481471843819
"662" 0.143 0.136 0.164 0.180592726148687
"663" 0.384 0.356 0.379 0.405522891120968
"664" 0.225 0.213 0.216 0.242846030802452
"665" 0.652 0.632 0.657 0.630038736069302
"666" 0.355 0.412 0.385 0.412351597589238
"667" 0.638 0.61 0.636 0.610705219928897
"668" 0.757 0.744 0.764 0.696684968750601
"669" 0.81 0.838 0.851 0.784434823997075
"670" 0.082 0.08 0.078 0.0933955790087231
"671" 0.062 0.069 0.073 0.0701087131613957
"672" 0.597 0.577 0.59 0.583212956773462
"673" 0.919 0.919 0.94 0.839017835418735
"674" 0.903 0.92 0.918 0.816939032885908
"675" 0.492 0.479 0.488 0.506036147075794
"676" 0.63 0.622 0.596 0.606748033045762
"677" 0.522 0.565 0.564 0.566312314322011
"678" 0.347 0.36 0.341 0.378179438998724
"679" 0.658 0.665 0.7 0.64385118892063
"680" 0.579 0.571 0.595 0.581447395378324
"681" 0.002 0 0.005 0.0010243243449356
"682" 0.335 0.318 0.338 0.358387746218128
"683" 0.89 0.874 0.884 0.802307834571755
"684" 0.959 0.968 0.968 0.846126825026815
"685" 0.799 0.781 0.807 0.738628680499593
"686" 0.94 0.946 0.954 0.888702179982197
"687" 0.599 0.564 0.613 0.589417498963852
"688" 0.789 0.758 0.758 0.702258166496864
"689" 0.467 0.455 0.457 0.487499344684646
"690" 0.26 0.268 0.258 0.28454912234722
"691" 0.715 0.727 0.752 0.704841982070515
"692" 0.094 0.103 0.097 0.110379227311415
"693" 0.768 0.751 0.749 0.709185630816166
"694" 0.325 0.32 0.338 0.361705352344145
"695" 0.098 0.123 0.137 0.127422612425788
"696" 0.734 0.752 0.713 0.67836656341431
"697" 0.699 0.691 0.709 0.655692244312696
"698" 0.205 0.18 0.2 0.233361754943843
"699" 0.362 0.362 0.37 0.373738284993033
"700" 0.017 0.027 0.017 0.0148695553489198
"701" 0.863 0.903 0.883 0.793653074187207
"702" 0.021 0.027 0.04 0.0290811019758149
"703" 0.304 0.314 0.296 0.347738305221059
"704" 0.019 0.015 0.025 0.0174731608697839
"705" 0.047 0.032 0.039 0.0307431077029302
"706" 0.729 0.706 0.74 0.689732728544298
"707" 0.929 0.916 0.919 0.810683716762969
"708" 0.238 0.243 0.253 0.272419848099708
"709" 0.894 0.884 0.908 0.798093373011396
"710" 0.119 0.088 0.116 0.127871179629566
"711" 0.555 0.588 0.571 0.566134780819721
"712" 0.432 0.447 0.46 0.481146077488403
"713" 0.654 0.665 0.653 0.642804621656567
"714" 0.997 0.996 0.996 0.951649908429203
"715" 0.257 0.244 0.216 0.255040007448735
"716" 0.335 0.367 0.337 0.376816726591002
"717" 0.211 0.243 0.199 0.261052439679217
"718" 0.948 0.964 0.957 0.853335938838952
"719" 0.34 0.377 0.333 0.387918749927408
"720" 0.522 0.495 0.53 0.516423946601085
"721" 0.068 0.066 0.058 0.0536279622027948
"722" 0.146 0.148 0.15 0.1689518107972
"723" 0.156 0.186 0.193 0.198018080627673
"724" 0.91 0.918 0.924 0.795167066322072
"725" 0.152 0.13 0.145 0.163737132794316
"726" 0.205 0.184 0.204 0.223719219209987
"727" 0.697 0.693 0.699 0.653689091938958
"728" 0.094 0.115 0.115 0.11891853252556
"729" 0.6 0.594 0.672 0.61747022046611
"730" 0.548 0.55 0.556 0.562195898299678
"731" 0.23 0.247 0.243 0.275528153005148
"732" 0.498 0.5 0.509 0.520184721291621
"733" 0.37 0.351 0.372 0.387604975794472
"734" 0.303 0.302 0.306 0.332639148766847
"735" 0.787 0.767 0.798 0.723860242480236
"736" 0.988 0.979 0.987 0.91388738371112
"737" 0.603 0.553 0.584 0.565009280276062
"738" 0.097 0.084 0.1 0.0967309169914055
"739" 0.926 0.911 0.931 0.828623972903579
"740" 0.913 0.926 0.927 0.828524510572678
"741" 0.582 0.568 0.602 0.58396326116511
"742" 0.841 0.846 0.885 0.76220440912371
"743" 0.18 0.163 0.167 0.183228710248521
"744" 0.22 0.211 0.216 0.244293991143251
"745" 0.584 0.597 0.617 0.591127513505874
"746" 0.014 0.012 0.028 0.0161081270853392
"747" 0.026 0.032 0.033 0.0247737705604993
"748" 0.306 0.322 0.313 0.342273717408775
"749" 0.521 0.495 0.49 0.513070299435497
"750" 0.39 0.372 0.382 0.409023005229839
"751" 0.891 0.894 0.901 0.779289705924958
"752" 0.219 0.222 0.211 0.255755049047155
"753" 0.341 0.375 0.368 0.402704545575957
"754" 0.13 0.154 0.169 0.177839066929858
"755" 0.334 0.293 0.309 0.349510843092818
"756" 0.236 0.205 0.222 0.237784863865418
"757" 0.025 0.03 0.042 0.025753865004284
"758" 0.8 0.828 0.82 0.746374283010058
"759" 0.425 0.431 0.413 0.439212577401303
"760" 0.199 0.212 0.216 0.227863648781651
"761" 0.783 0.764 0.774 0.723630628101617
"762" 0.941 0.94 0.957 0.835167376980086
"763" 0.747 0.723 0.753 0.69942886826038
"764" 0.279 0.268 0.288 0.313552134454197
"765" 0.377 0.367 0.364 0.39488270443963
"766" 0.952 0.963 0.966 0.839649367456565
"767" 0.24 0.273 0.289 0.302748533970103
"768" 0.041 0.033 0.025 0.0315489782322342
"769" 0.335 0.366 0.353 0.396875159776364
"770" 0.611 0.609 0.6 0.593491057130667
"771" 0.172 0.169 0.196 0.20902645172432
"772" 0.938 0.938 0.958 0.842491651328613
"773" 0.377 0.359 0.399 0.414025345275879
"774" 0.823 0.827 0.865 0.775328225033533
"775" 0.016 0.008 0.013 0.00718753195587896
"776" 0.046 0.04 0.061 0.05282739342659
"777" 0.017 0.029 0.026 0.0216661588941789
"778" 0.627 0.619 0.621 0.609862851937956
"779" 0.763 0.746 0.774 0.729500857141484
"780" 0.197 0.207 0.228 0.214730148022467
"781" 0.158 0.158 0.14 0.165592308942258
"782" 0.678 0.671 0.675 0.633729776387787
"783" 0.98 0.99 0.988 0.910559330368155
"784" 0.93 0.926 0.945 0.834592288454452
"785" 0.816 0.822 0.84 0.741101950497987
"786" 0.229 0.239 0.232 0.271799485753181
"787" 0.672 0.662 0.659 0.626509587382674
"788" 0.551 0.559 0.533 0.549065653832368
"789" 0.905 0.901 0.916 0.803203259943954
"790" 0.841 0.842 0.855 0.802281192462783
"791" 0.8 0.83 0.822 0.77271233933525
"792" 0.057 0.048 0.062 0.0492698680952626
"793" 0.635 0.606 0.631 0.600743075356013
"794" 0.296 0.346 0.321 0.359512630754653
"795" 0.396 0.39 0.37 0.41427770681026
"796" 0.119 0.129 0.127 0.128777699701623
"797" 0.455 0.481 0.49 0.490582006674995
"798" 0.14 0.14 0.14 0.150264046640511
"799" 0.02 0.021 0.023 0.0172025594414597
"800" 0.086 0.083 0.097 0.0940835418415362
"801" 0.009 0.004 0.008 0.00309595775847404
"802" 0.349 0.315 0.344 0.362424536810348
"803" 0.915 0.903 0.92 0.813412388951427
"804" 0.114 0.1 0.145 0.128068359281065
"805" 0.57 0.55 0.599 0.576985285363944
"806" 0.334 0.301 0.314 0.351556446755809
"807" 0.766 0.758 0.805 0.714853667488349
"808" 0.745 0.756 0.776 0.714931250895885
"809" 0.577 0.569 0.608 0.575946098260406
"810" 0.829 0.867 0.863 0.778246616384134
"811" 0.129 0.146 0.17 0.169543343531319
"812" 0.33 0.314 0.329 0.353337163145347
"813" 0.245 0.209 0.231 0.270042869080518
"814" 0.135 0.148 0.147 0.173433746977791
"815" 0.644 0.614 0.656 0.615890167505912
"816" 0.776 0.772 0.807 0.712469330980303
"817" 0.971 0.979 0.982 0.867817192990864
"818" 0.75 0.757 0.767 0.692791864249176
"819" 0.273 0.234 0.255 0.276245102313984
"820" 0.617 0.608 0.585 0.599552686268089
"821" 0.038 0.052 0.044 0.0409869175617956
"822" 0.214 0.212 0.19 0.246776645875475
"823" 0.343 0.354 0.34 0.386672031106804
"824" 0.762 0.768 0.773 0.718908639125889
"825" 0.485 0.474 0.506 0.496463468715451
"826" 0.159 0.166 0.18 0.199274099558011
"827" 0.843 0.846 0.857 0.773746770359315
"828" 0.12 0.113 0.155 0.138556690392866
"829" 0.798 0.779 0.813 0.733824950503185
"830" 0.001 0.004 0.004 0.00290297100794623
"831" 0.107 0.107 0.103 0.130012832062377
"832" 0.351 0.316 0.345 0.334551037278057
"833" 0.811 0.78 0.794 0.726198980573748
"834" 0.832 0.833 0.86 0.7582877030957
"835" 0.679 0.669 0.705 0.641434446180719
"836" 0.065 0.061 0.083 0.0676384681723998
"837" 0.783 0.804 0.796 0.720258636479872
"838" 0.494 0.432 0.469 0.490214746510051
"839" 0.214 0.21 0.217 0.246485503735768
"840" 0.528 0.582 0.561 0.563727358938338
"841" 0.873 0.877 0.888 0.793922409851705
"842" 0.28 0.275 0.307 0.343633462625218
"843" 0.006 0.009 0.01 0.00313158020427107
"844" 0.662 0.705 0.708 0.661752712461285
"845" 0.956 0.961 0.975 0.873208568640023
"846" 0.767 0.759 0.784 0.704134874244806
"847" 0.898 0.908 0.924 0.831202173502808
"848" 0.097 0.086 0.105 0.105546724599611
"849" 0.337 0.333 0.326 0.36513903208935
"850" 0.87 0.877 0.88 0.780120333621994
"851" 0.7 0.707 0.757 0.666051430977928
"852" 0.707 0.723 0.715 0.674189051078058
"853" 0.355 0.36 0.351 0.382435373173059
"854" 0.156 0.165 0.175 0.198379661170673
"855" 0.837 0.82 0.839 0.772658005129555
"856" 0.649 0.629 0.661 0.623371224777682
"857" 0.071 0.05 0.081 0.0719569473131134
"858" 0.699 0.68 0.716 0.652507204765508
"859" 0.373 0.393 0.407 0.430221794817501
"860" 0.268 0.285 0.289 0.30000812833086
"861" 0.692 0.706 0.707 0.656343746620293
"862" 0.778 0.782 0.799 0.710919071171643
"863" 0.917 0.911 0.924 0.814021139673228
"864" 0.954 0.964 0.971 0.873768164018139
"865" 0.272 0.297 0.318 0.329647777717801
"866" 0.589 0.603 0.632 0.595465536953162
"867" 0.131 0.113 0.123 0.127709196751037
"868" 0.819 0.839 0.824 0.771259064304468
"869" 0.591 0.601 0.622 0.588387772382038
"870" 0.673 0.692 0.675 0.670812431676911
"871" 0.335 0.343 0.32 0.367355740969876
"872" 0.746 0.743 0.769 0.711105155813724
"873" 0.072 0.071 0.08 0.0715109815885782
"874" 0.155 0.15 0.145 0.16128251390763
"875" 0.114 0.094 0.102 0.104809717356931
"876" 0.296 0.322 0.322 0.351761323264731
"877" 0.358 0.332 0.352 0.384982290809918
"878" 0.67 0.68 0.709 0.653294726227971
"879" 0.713 0.702 0.736 0.669489579410063
"880" 0.368 0.355 0.374 0.387974691537537
"881" 0.84 0.856 0.859 0.773435998924624
"882" 0.49 0.506 0.524 0.529599323791237
"883" 0.224 0.206 0.249 0.251260531545692
"884" 0.861 0.876 0.869 0.781057065819846
"885" 0.471 0.493 0.47 0.503803869986473
"886" 0.33 0.33 0.341 0.373442481275759
"887" 0.379 0.37 0.401 0.411094077042231
"888" 0.944 0.937 0.961 0.868078173879384
"889" 0.915 0.917 0.928 0.80501397628715
"890" 0.057 0.055 0.091 0.081753559048754
"891" 0.026 0.024 0.046 0.0311908519300947
"892" 0.834 0.821 0.854 0.746144833056559
"893" 0.394 0.388 0.375 0.419009803700196
"894" 0.127 0.127 0.149 0.157931779404999
"895" 0.637 0.631 0.601 0.611789408059305
"896" 0.391 0.373 0.403 0.421311234900607
"897" 0.585 0.556 0.583 0.562894346821676
"898" 0.398 0.394 0.425 0.420761312046502
"899" 0.299 0.291 0.313 0.345569715962482
"900" 0.434 0.448 0.461 0.467756116363005
"901" 0.326 0.269 0.337 0.327115624530997
"902" 0.56 0.561 0.582 0.57341439893118
"903" 0.956 0.956 0.964 0.8621321555499
"904" 0.355 0.38 0.391 0.42427960234483
"905" 0.12 0.112 0.1 0.119595271474426
"906" 0.936 0.931 0.945 0.831719598020297
"907" 0.203 0.197 0.198 0.232793073698614
"908" 0.366 0.341 0.35 0.389732973237634
"909" 0.707 0.646 0.697 0.649923818217105
"910" 0.115 0.114 0.127 0.116544221455668
"911" 0.556 0.583 0.571 0.575022860738453
"912" 0.519 0.553 0.531 0.544002902980515
"913" 0.747 0.75 0.767 0.696249863395113
"914" 0.81 0.82 0.857 0.762725912347065
"915" 0.125 0.136 0.155 0.151212644943114
"916" 0.535 0.541 0.559 0.550650172930743
"917" 0.629 0.661 0.619 0.623281073267671
"918" 0.371 0.406 0.387 0.417814309154797
"919" 0.749 0.749 0.768 0.708197961033014
"920" 0.698 0.704 0.708 0.651801441168457
"921" 0.244 0.264 0.274 0.294207089189532
"922" 0.909 0.899 0.92 0.815530302128443
"923" 0.861 0.874 0.895 0.790453031741584
"924" 0.521 0.546 0.537 0.530002640173682
"925" 0.927 0.937 0.922 0.809727288677913
"926" 0.409 0.461 0.434 0.45122206220773
"927" 0.434 0.406 0.419 0.458342459887596
"928" 0.746 0.779 0.777 0.709780275925326
"929" 0.494 0.467 0.488 0.500482078244705
"930" 0.786 0.803 0.795 0.71620513489808
"931" 0.53 0.547 0.538 0.55352617220659
"932" 0.515 0.484 0.535 0.520010386464777
"933" 0.325 0.3 0.323 0.354533706124071
"934" 0.233 0.23 0.24 0.272019302488192
"935" 0.067 0.078 0.081 0.08390577765928
"936" 0.86 0.854 0.864 0.775811119226409
"937" 0.198 0.16 0.187 0.199569961752445
"938" 0.97 0.972 0.982 0.900060732380367
"939" 0.488 0.468 0.499 0.497380551836628
"940" 0.503 0.46 0.522 0.488715523029972
"941" 0.409 0.411 0.433 0.448259626654184
"942" 0.121 0.131 0.121 0.139824459589898
"943" 0.931 0.916 0.925 0.819831317166551
"944" 0.334 0.331 0.34 0.364726313692856
"945" 0.851 0.87 0.896 0.797406083930779
"946" 0.911 0.92 0.94 0.828502615850035
"947" 0.374 0.391 0.394 0.407350648661379
"948" 0.076 0.093 0.086 0.0891650363881376
"949" 0.063 0.066 0.08 0.0706745992295922
"950" 0.875 0.897 0.915 0.805203843798973
"951" 0.157 0.15 0.145 0.172469358511697
"952" 0.21 0.219 0.236 0.250405414964064
"953" 0.383 0.364 0.382 0.406767432077438
"954" 0.568 0.597 0.595 0.573649628662561
"955" 0.069 0.061 0.064 0.0653780613364869
"956" 0.721 0.727 0.713 0.675213810144177
"957" 0.038 0.04 0.032 0.0364188472436413
"958" 0.208 0.228 0.218 0.265709590215378
"959" 0.472 0.478 0.494 0.500687952816535
"960" 0.027 0.025 0.039 0.0246872617818169
"961" 0.982 0.995 0.994 0.892773654194975
"962" 0.64 0.649 0.667 0.631589318217493
"963" 0.534 0.514 0.532 0.53643483261272
"964" 0.755 0.747 0.759 0.695140432897739
"965" 0.36 0.325 0.369 0.375735466871756
"966" 0.952 0.958 0.968 0.853271536162641
"967" 0.34 0.353 0.341 0.359519392930884
"968" 0.985 0.985 0.99 0.910039699910696
"969" 0.27 0.245 0.224 0.288120191014606
"970" 0.386 0.342 0.37 0.405341802417142
"971" 0.159 0.146 0.145 0.170804268574655
"972" 0.804 0.804 0.798 0.731019163175136
"973" 0.25 0.233 0.229 0.277684215171493
"974" 0.601 0.579 0.616 0.584114074493344
"975" 0.273 0.239 0.277 0.288875048058297
"976" 0.102 0.096 0.096 0.0989491881752779
"977" 0.214 0.189 0.196 0.220070487498141
"978" 0.703 0.727 0.741 0.685886228090831
"979" 0.412 0.399 0.41 0.438794088758696
"980" 0.059 0.055 0.051 0.0591619775505591
"981" 0.69 0.697 0.716 0.672061117506757
"982" 0.517 0.52 0.524 0.534869141454469
"983" 0.449 0.46 0.441 0.464612021951152
"984" 0.667 0.669 0.664 0.631277650372063
"985" 0.163 0.148 0.164 0.171627382570635
"986" 0.963 0.966 0.979 0.86173811920544
"987" 0.672 0.681 0.681 0.649055973116841
"988" 0.391 0.401 0.348 0.412485248573261
"989" 0.159 0.191 0.208 0.213617595231632
"990" 0.917 0.92 0.918 0.847046447142996
"991" 0.055 0.093 0.081 0.0810928925534525
"992" 0.038 0.03 0.035 0.0304979443367024
"993" 0.784 0.783 0.796 0.729238328059135
"994" 0.533 0.525 0.509 0.539662608312502
"995" 0.135 0.148 0.144 0.152453625625881
"996" 0.283 0.307 0.282 0.32395786709741
"997" 0.843 0.85 0.857 0.792106529520372
"998" 0.165 0.181 0.172 0.18000762537345
"999" 0.952 0.961 0.945 0.841261650837654
"1000" 0.17 0.197 0.2 0.219942285361869
