"A" "B" "P" "BT"
"1" 0 0 0 8.86230122620901e-09
"2" 0 0 0 0.000181936018017748
"3" 0.001 0 0 1.84472269604274e-06
"4" 0 0 0 5.36743041346099e-07
"5" 0 0 0 3.88266085948885e-11
"6" 0 0 0 3.19842970553097e-06
"7" 0 0 0 6.77586320385615e-10
"8" 0 0 0 4.70243993633268e-07
"9" 0 0 0 3.48869798654228e-05
"10" 0 0 0 4.16854328832983e-11
"11" 0 0 0 2.1888823642513e-08
"12" 0.001 0 0 6.01340472363709e-05
"13" 0 0 0 3.77891718895684e-05
"14" 0 0.001 0 3.38140662418107e-05
"15" 0 0.001 0 0.000100551952537331
"16" 0 0 0 5.49381341530264e-08
"17" 0.004 0.004 0.001 0.00359492988238785
"18" 0 0 0 9.17605880168537e-10
"19" 0 0.001 0 3.1106150252258e-06
"20" 0 0 0 1.73944366688161e-08
"21" 0 0 0 2.058987155662e-06
"22" 0 0 0 2.19088661802536e-05
"23" 0 0 0 1.00799194657775e-06
"24" 0.002 0.001 0 0.0002804759994538
"25" 0 0 0 3.04614084243315e-05
"26" 0 0 0 1.31142228076975e-07
"27" 0 0 0 9.48503660058719e-08
"28" 0.001 0 0 3.53187434454227e-05
"29" 0 0 0 1.24972996662365e-06
"30" 0 0 0 1.59214538220098e-07
"31" 0 0.001 0 0.000231507995884339
"32" 0 0 0 1.32366861443911e-05
"33" 0 0.001 0 7.33300787705282e-05
"34" 0 0 0 4.81245043815193e-11
"35" 0 0 0 1.85235937699701e-10
"36" 0 0 0 5.16470130028646e-05
"37" 0 0 0 3.38383592697333e-05
"38" 0 0 0 5.23439975919082e-07
"39" 0 0 0 5.07913114899949e-08
"40" 0 0 0 6.15156539285344e-06
"41" 0 0 0 1.36040342324506e-08
"42" 0 0 0 3.62442782447792e-05
"43" 0 0 0 4.77395900588817e-11
"44" 0.001 0 0.002 0.00107721629766944
"45" 0 0 0 2.46378439872075e-09
"46" 0 0 0 2.05551624277156e-06
"47" 0.001 0 0 1.28860155813593e-05
"48" 0.002 0.001 0.002 0.000568264907234495
"49" 0 0.001 0 5.30906896015759e-05
"50" 0 0 0 5.38078470668779e-11
"51" 0.001 0 0 3.68424102057396e-05
"52" 0 0 0 6.87162882151426e-09
"53" 0 0 0 2.77706399953725e-05
"54" 0.001 0 0 4.13770348755005e-05
"55" 0 0 0 1.45531380724151e-07
"56" 0 0.001 0 0.000257687037619747
"57" 0 0 0 1.24870114248665e-11
"58" 0.003 0.001 0 0.000359667607126912
"59" 0 0 0.001 1.65987288078817e-05
"60" 0.001 0 0 2.59757987607356e-05
"61" 0 0 0 4.52092635130352e-05
"62" 0 0 0 2.74680041933983e-07
"63" 0 0 0 4.25252017514088e-05
"64" 0 0 0 8.94275021812163e-08
"65" 0 0 0 2.46871863682774e-05
"66" 0 0 0 1.12299058940835e-12
"67" 0 0.002 0 4.35635663951217e-05
"68" 0 0 0 1.11022302462516e-14
"69" 0 0.001 0 6.39098400612159e-06
"70" 0 0 0 3.54263313129266e-08
"71" 0 0 0 2.91938658736335e-06
"72" 0 0 0 2.04647275015013e-07
"73" 0 0 0 2.84507400083456e-06
"74" 0 0 0 2.2060516580602e-05
"75" 0 0.001 0 6.68306938678143e-08
"76" 0 0 0 1.08919735219981e-06
"77" 0 0 0 8.15289674660491e-08
"78" 0 0.001 0 7.57790856422691e-05
"79" 0 0 0 5.39542073607624e-06
"80" 0 0 0 3.02742275692935e-11
"81" 0.001 0 0 0.000108957494693418
"82" 0 0.003 0 0.000193388131997985
"83" 0 0 0 2.55896681355949e-06
"84" 0 0 0 2.43544065470225e-07
"85" 0 0 0 1.10857900015304e-06
"86" 0 0 0 5.44673254265771e-06
"87" 0 0 0 4.74406007336947e-05
"88" 0 0 0 3.42456427548932e-07
"89" 0.005 0.003 0.002 0.00253470718530657
"90" 0 0 0 4.29794696088504e-06
"91" 0 0.001 0 0.000296867608915896
"92" 0 0 0 4.1499639736875e-06
"93" 0 0 0 0.000102594958150792
"94" 0 0 0 8.01787429427492e-06
"95" 0 0 0 0.000102858727932031
"96" 0 0 0 9.44838934591186e-06
"97" 0.001 0 0.001 0.000991394953478442
"98" 0 0 0 1.29917139268798e-08
"99" 0 0 0 6.08443296801209e-06
"100" 0 0 0 1.19651125674025e-08
"101" 0 0 0 1.34793977997205e-05
"102" 0 0 0 1.52953175236448e-07
"103" 0 0 0 3.92652848013597e-08
"104" 0 0 0 3.1746271107469e-06
"105" 0 0 0 1.93139976800705e-06
"106" 0 0 0 3.75066644409117e-12
"107" 0.007 0 0 0.000173540821892693
"108" 0 0 0 2.04188329688826e-06
"109" 0 0.001 0 5.99556064110329e-05
"110" 0.001 0.001 0 0.000391877127466689
"111" 0.004 0.001 0 0.0011037102879986
"112" 0 0 0 6.4608011862699e-07
"113" 0 0 0 3.40380333383461e-05
"114" 0 0 0 1.6792012225153e-11
"115" 0 0 0 2.50526128309225e-06
"116" 0 0 0 1.06208752903569e-09
"117" 0 0 0 2.75145567483204e-05
"118" 0 0 0 1.1425428410039e-06
"119" 0.002 0 0 0.000275235459116119
"120" 0 0 0 4.58461374341912e-06
"121" 0 0 0 3.71219561756675e-08
"122" 0 0 0 3.55033451027165e-06
"123" 0 0 0 4.77706338819495e-07
"124" 0 0 0 5.49296822538459e-06
"125" 0 0 0 5.85481156001322e-06
"126" 0 0 0 8.48499613237408e-07
"127" 0 0 0 2.18790496830934e-09
"128" 0 0 0 2.77295697515001e-09
"129" 0.001 0 0 2.14399038597213e-05
"130" 0.001 0.001 0 7.94205766803113e-05
"131" 0 0 0 2.91190405121711e-11
"132" 0 0 0 2.39636234300455e-06
"133" 0.011 0.007 0.002 0.00313452514102153
"134" 0 0 0 1.88501446674039e-08
"135" 0 0 0 2.81510547095465e-08
"136" 0 0 0 7.06833423702591e-06
"137" 0 0 0 0.000103105977688811
"138" 0 0 0 3.7290148779956e-07
"139" 0 0 0 1.12928966178316e-09
"140" 0 0 0 5.92949245259433e-09
"141" 0 0 0 2.44830346474156e-06
"142" 0 0 0 1.03133322810756e-05
"143" 0 0 0 2.40194008638284e-05
"144" 0 0 0 3.00689355636763e-07
"145" 0 0 0 6.32327121330434e-07
"146" 0 0 0 6.12149089196379e-08
"147" 0 0 0 2.77550072879107e-05
"148" 0 0 0 1.61342429692013e-05
"149" 0 0 0 1.02947360636207e-08
"150" 0 0.001 0 3.15595148805414e-05
"151" 0 0 0 1.23256793660431e-09
"152" 0 0 0 4.13282424838179e-07
"153" 0 0 0 1.36829973673702e-06
"154" 0 0 0 3.20950990229107e-08
"155" 0 0 0 5.84954678972682e-06
"156" 0.001 0.001 0 8.91895945095422e-05
"157" 0 0 0 4.12083134282426e-09
"158" 0 0 0 9.22856356222468e-07
"159" 0 0 0 6.67244037799719e-14
"160" 0 0 0 2.75204126154449e-09
"161" 0 0 0 3.01277052492388e-05
"162" 0 0 0 5.01992134527285e-08
"163" 0 0 0 1.33263553525609e-08
"164" 0 0 0 5.43663109375814e-06
"165" 0 0 0 6.74596101202241e-09
"166" 0 0 0 6.42173873831586e-05
"167" 0 0 0 9.54370175110242e-08
"168" 0 0 0 2.02810499061457e-07
"169" 0 0 0 7.73916442153855e-07
"170" 0 0.001 0 6.04757036911652e-05
"171" 0 0 0 1.94374638606831e-09
"172" 0 0 0 1.51062489267551e-05
"173" 0.001 0.001 0 6.85391681977121e-05
"174" 0 0 0 4.9960036108132e-14
"175" 0 0 0 1.59853746629635e-05
"176" 0.001 0 0 3.30859845647513e-05
"177" 0 0 0 0.000130714036569168
"178" 0 0 0 2.32231591756893e-06
"179" 0 0 0 1.26034968017663e-08
"180" 0 0 0 2.47032908684552e-07
"181" 0 0 0 1.14641163229123e-09
"182" 0 0.001 0 1.11809316333256e-05
"183" 0 0 0 5.06882002393461e-05
"184" 0 0 0 4.67423844074943e-09
"185" 0 0 0 2.76188072412253e-10
"186" 0 0 0 9.38748071623863e-05
"187" 0 0 0 1.0923939530727e-10
"188" 0 0 0 2.7387496048803e-08
"189" 0 0 0 1.21417521592448e-08
"190" 0 0 0 5.10096634075419e-05
"191" 0 0 0 3.92799256232479e-07
"192" 0.001 0.002 0 0.000131720180897799
"193" 0 0 0 8.92631512927622e-07
"194" 0 0 0 1.55299083878235e-05
"195" 0 0.002 0 2.62978829156379e-05
"196" 0 0 0 6.9373142751461e-06
"197" 0 0 0 1.70687066480824e-07
"198" 0 0 0 3.95316541723645e-08
"199" 0 0 0 9.16274553341978e-07
"200" 0 0 0 2.86526290915745e-07
"201" 0 0 0 4.84385331844805e-08
"202" 0.001 0 0.001 0.000337004225500648
"203" 0 0 0 1.21848310696837e-05
"204" 0 0 0 1.15425213831344e-09
"205" 0.004 0.001 0 0.000668462170456241
"206" 0 0 0 4.25442826523792e-08
"207" 0 0 0 1.60108081237453e-08
"208" 0 0 0 1.7401408890505e-06
"209" 0 0 0 1.02421987557832e-07
"210" 0 0 0 8.07017121240428e-07
"211" 0 0 0 2.14849269264406e-07
"212" 0 0 0 1.72531429554201e-06
"213" 0 0 0 1.05259789773271e-09
"214" 0 0 0 3.91494561546857e-07
"215" 0 0 0 1.15474499551294e-06
"216" 0.003 0.002 0.001 0.00160910952863413
"217" 0 0 0 2.62763379799136e-06
"218" 0 0 0 5.04579247451176e-06
"219" 0 0 0 7.41856915154049e-06
"220" 0 0 0 1.44169257643156e-08
"221" 0 0 0 7.28291205120968e-10
"222" 0 0 0 3.66974658883024e-07
"223" 0 0 0 1.20162053866002e-05
"224" 0 0.001 0 1.68050927370489e-05
"225" 0 0 0 8.04484722658483e-05
"226" 0 0 0 2.04400718384345e-06
"227" 0.002 0.001 0 0.000471206468677932
"228" 0 0 0 1.21957662757577e-06
"229" 0 0.001 0 0.000203079683504193
"230" 0 0 0.001 1.08779113610069e-05
"231" 0 0 0 6.15849602336738e-06
"232" 0 0 0 2.0100053621519e-08
"233" 0 0 0 7.22387516471912e-09
"234" 0 0.001 0 2.69795059818501e-05
"235" 0 0 0 2.12544574074158e-06
"236" 0 0 0 3.30608329934812e-07
"237" 0 0 0 9.53712936024864e-06
"238" 0 0 0 1.39014128652803e-07
"239" 0 0 0 5.93488550213461e-05
"240" 0 0 0 1.85407245112401e-13
"241" 0.001 0 0 8.62363838904923e-06
"242" 0 0 0 2.68138114500882e-06
"243" 0 0 0 2.94370665887556e-06
"244" 0 0 0 5.32587298929244e-07
"245" 0 0 0 1.87886379010571e-07
"246" 0 0 0 1.17556115938333e-05
"247" 0 0 0 5.84531654257425e-06
"248" 0 0 0 9.44126576474247e-07
"249" 0 0 0 1.56608979229311e-07
"250" 0 0 0 3.75131903318504e-09
"251" 0 0 0 9.68689595204353e-09
"252" 0 0 0 9.85713754074746e-05
"253" 0 0 0 2.09441552989631e-08
"254" 0 0.001 0 4.16248410783915e-06
"255" 0 0 0 5.41258308549564e-05
"256" 0 0.003 0 3.90039601034786e-05
"257" 0.002 0.001 0.003 0.000632735076870561
"258" 0 0 0 1.61447452075025e-05
"259" 0 0 0 3.1498468922031e-06
"260" 0 0 0 2.04090418076674e-06
"261" 0 0 0 7.09489630135174e-06
"262" 0 0 0 6.04903267475976e-08
"263" 0.003 0.002 0.002 0.00039269460074165
"264" 0 0 0 3.03175021865165e-07
"265" 0 0 0 7.91995218096808e-06
"266" 0.001 0 0 5.98125761114288e-05
"267" 0 0.001 0 5.19190815724269e-05
"268" 0 0 0 1.41809439191398e-06
"269" 0 0 0 9.06175955384114e-07
"270" 0 0.001 0 3.78719047535725e-05
"271" 0 0 0 8.05868546260857e-06
"272" 0 0 0 0.000110122371239751
"273" 0 0 0 3.59678619610282e-06
"274" 0 0 0.002 1.07937716764539e-05
"275" 0 0 0 2.2237323094032e-08
"276" 0 0 0 1.00555597737362e-07
"277" 0 0 0 2.16799401320245e-07
"278" 0 0 0 3.23485342897945e-05
"279" 0 0 0 8.60931004265097e-09
"280" 0 0 0 7.59445760634136e-06
"281" 0 0 0 1.05976310407208e-05
"282" 0 0 0 4.90908612660323e-06
"283" 0 0 0 1.06012981060388e-06
"284" 0 0 0 8.12011843409621e-06
"285" 0 0.001 0 9.74819140908689e-06
"286" 0 0 0 8.08336763499229e-05
"287" 0 0 0 6.36088020872227e-05
"288" 0 0 0 1.3512624352785e-10
"289" 0 0 0 6.25879433835408e-08
"290" 0 0 0 8.54713038234145e-07
"291" 0 0.001 0 1.03191475023801e-05
"292" 0 0.001 0 3.01611187466522e-05
"293" 0 0 0 1.96337136604274e-06
"294" 0 0 0 3.77640088013997e-05
"295" 0 0 0 2.19153125280425e-06
"296" 0 0 0 8.50931554108314e-08
"297" 0 0 0 6.51256826245117e-13
"298" 0 0 0 4.34565028406553e-09
"299" 0 0 0 8.88514149022246e-06
"300" 0 0 0 4.68857927704569e-07
"301" 0 0 0 6.96048418902251e-07
"302" 0 0 0 1.39321514119883e-05
"303" 0 0 0 1.48367066743482e-07
"304" 0 0 0 1.6677184256908e-06
"305" 0.001 0 0 0.00028812882300755
"306" 0.003 0.004 0.001 0.00182111624722547
"307" 0.001 0 0 3.37276276435317e-05
"308" 0 0.001 0 8.15220758508817e-05
"309" 0.002 0.001 0 0.000159696081656224
"310" 0 0.001 0 9.12499493599395e-06
"311" 0 0 0 2.14255540265107e-06
"312" 0.007 0.009 0.001 0.00239407245293977
"313" 0 0 0 1.44263293977431e-07
"314" 0 0 0 3.80799606436444e-06
"315" 0 0 0 2.18996782486158e-07
"316" 0 0 0 1.75875767283173e-08
"317" 0 0.002 0 8.95972667902534e-05
"318" 0 0 0 4.40425877579198e-06
"319" 0 0 0 1.25854296484373e-06
"320" 0 0 0 2.22512788194962e-07
"321" 0 0 0 1.01411127317874e-05
"322" 0 0 0 2.4718531321799e-07
"323" 0 0.001 0 6.91429336957539e-05
"324" 0.006 0.005 0 0.00120918084400956
"325" 0 0 0 3.50051318709355e-06
"326" 0 0 0 9.59688744250897e-07
"327" 0.001 0 0 1.68730333820477e-05
"328" 0 0 0 3.16877375017288e-06
"329" 0 0 0 1.32278169528988e-07
"330" 0 0 0 1.01634670346407e-06
"331" 0 0 0 7.35392857720285e-11
"332" 0 0 0 3.65371399801973e-10
"333" 0 0.001 0 0.000286664213430043
"334" 0 0 0 2.12742417238232e-07
"335" 0 0 0 1.57214381768522e-06
"336" 0 0 0 1.03138608764652e-10
"337" 0.002 0 0 0.000207506715368067
"338" 0 0 0 3.12808379199225e-09
"339" 0 0.001 0 6.03580443248042e-06
"340" 0.001 0.002 0 0.000155130009639959
"341" 0.001 0 0 1.0412133358062e-05
"342" 0 0 0 2.31550055107554e-06
"343" 0.001 0 0 1.67805504138752e-05
"344" 0 0 0 3.39000549853807e-09
"345" 0.001 0 0 1.97457385244793e-05
"346" 0 0 0 5.23177982714174e-07
"347" 0 0 0 2.72268518841656e-09
"348" 0 0 0 2.22044604925031e-16
"349" 0 0 0 2.19201770068622e-06
"350" 0 0.001 0 5.09050925567855e-06
"351" 0 0 0 7.59508754777372e-08
"352" 0 0 0 7.29671878474392e-12
"353" 0.001 0.001 0.001 0.000763567481996241
"354" 0 0 0 1.40844651830285e-07
"355" 0 0 0 1.40584042962466e-07
"356" 0 0 0 3.23338947616492e-07
"357" 0 0 0 0.000124177406161219
"358" 0 0 0 1.76324909118009e-07
"359" 0.003 0.004 0 0.00149124381644172
"360" 0 0 0 1.62395900782375e-05
"361" 0 0 0.001 8.11276063938937e-06
"362" 0 0.001 0 5.73662987324308e-06
"363" 0.009 0.003 0.001 0.00316702012942716
"364" 0 0 0 2.42537909527218e-05
"365" 0 0.001 0 6.02046587446781e-05
"366" 0 0 0 2.57824403249174e-06
"367" 0 0 0 3.53014196037282e-05
"368" 0 0 0 1.18304819178849e-05
"369" 0 0 0 3.35522665206867e-09
"370" 0 0 0 9.69989903953916e-07
"371" 0 0 0 1.30073422588417e-07
"372" 0 0 0 1.52366773531476e-06
"373" 0 0.002 0 0.000302171607725943
"374" 0 0 0 2.98294624878626e-06
"375" 0 0 0 3.74024091231995e-06
"376" 0 0 0 1.27869186294927e-05
"377" 0 0 0 1.06053338290168e-05
"378" 0.001 0 0 7.8474737930101e-08
"379" 0 0.001 0 3.0779866633579e-05
"380" 0 0 0 1.81144872435368e-08
"381" 0 0 0 1.56719853761089e-08
"382" 0 0 0 1.12862138965664e-05
"383" 0 0 0 1.65810683849799e-07
"384" 0.004 0.002 0 0.000485175305368513
"385" 0 0 0 7.05592588801096e-08
"386" 0 0 0 3.71555073153118e-07
"387" 0 0 0 2.25571053424911e-06
"388" 0 0 0 5.77747324093103e-07
"389" 0 0.001 0 3.69376610320771e-06
"390" 0 0 0 5.3943153277558e-09
"391" 0 0 0 2.09465094189731e-05
"392" 0 0 0 5.56466362133801e-06
"393" 0 0 0 8.52690289043778e-07
"394" 0 0 0 7.60191620763351e-09
"395" 0 0 0 2.537469123709e-10
"396" 0 0 0 1.58879057765571e-06
"397" 0 0 0 1.57703150454047e-05
"398" 0 0 0 3.57335738651043e-05
"399" 0 0 0 6.98723898628906e-07
"400" 0 0.001 0 1.38509957177124e-05
"401" 0 0 0 6.6691954414555e-06
"402" 0 0 0 2.88065870346355e-06
"403" 0 0 0 1.25180278143233e-07
"404" 0.001 0.001 0 1.51283604455932e-05
"405" 0 0 0 3.76805220358989e-09
"406" 0 0 0 7.33433126121064e-07
"407" 0.006 0.003 0 0.00184249286346594
"408" 0 0 0 7.17203936018151e-07
"409" 0 0 0 9.29411876826602e-06
"410" 0.001 0.001 0 0.000467512566657113
"411" 0 0 0 9.75282182791304e-08
"412" 0.001 0 0 4.40740148477392e-06
"413" 0 0 0 1.62890435584373e-08
"414" 0 0 0 1.01510602780186e-05
"415" 0 0 0 5.56760388414901e-06
"416" 0 0 0.001 3.51544164223228e-05
"417" 0 0 0 6.48707754180577e-11
"418" 0 0 0 0.000235431140559572
"419" 0 0 0 2.15658542902508e-05
"420" 0 0 0 8.25998195552735e-06
"421" 0 0 0 2.63829676035998e-05
"422" 0 0 0 8.74225206670687e-08
"423" 0 0 0 3.1022070468012e-09
"424" 0 0 0 3.17397308435829e-09
"425" 0 0 0 5.4511807290325e-08
"426" 0 0 0 1.42869995544137e-05
"427" 0 0 0 1.38219687917385e-08
"428" 0.002 0.001 0 0.000384618264196668
"429" 0 0 0 1.55443536014044e-05
"430" 0 0 0 1.1738212291057e-08
"431" 0 0 0 3.12739561916242e-05
"432" 0 0 0 1.66547629347757e-05
"433" 0 0 0 4.5718648455928e-05
"434" 0 0 0 3.39831199003271e-05
"435" 0 0 0 7.80140725353817e-08
"436" 0 0 0 7.47866437387223e-05
"437" 0 0 0 8.87558405515687e-06
"438" 0.001 0 0 0.000337548918198594
"439" 0 0 0 0.000218367034623523
"440" 0 0 0 6.87228052242972e-14
"441" 0 0 0 1.62401678771573e-08
"442" 0 0 0 1.11022302462516e-15
"443" 0 0 0 1.16164348047398e-05
"444" 0 0 0 1.77486350421141e-05
"445" 0 0 0 1.57272234452277e-05
"446" 0 0.001 0 1.07016856426556e-05
"447" 0 0 0 3.16856124560339e-07
"448" 0.001 0 0 0.000455089654767815
"449" 0 0 0 3.92037598140327e-06
"450" 0 0 0 1.78858913235658e-08
"451" 0 0 0 6.92072740982042e-05
"452" 0 0 0.001 4.82270554056363e-05
"453" 0 0 0 6.39285246961663e-08
"454" 0 0 0 7.85083920096241e-09
"455" 0 0 0 7.44918061679201e-08
"456" 0 0 0 3.83919050994663e-08
"457" 0 0 0 1.0611023647189e-05
"458" 0.003 0.001 0.001 0.000260858884180259
"459" 0 0 0 5.0784042537888e-07
"460" 0 0 0 1.40495499900695e-07
"461" 0 0 0 1.46319809996021e-05
"462" 0 0 0 1.74925050195895e-05
"463" 0.001 0 0 1.18417226387946e-05
"464" 0 0.004 0 0.000350537713728727
"465" 0 0.001 0 0.000238755241128485
"466" 0 0 0 9.79379720489337e-06
"467" 0.001 0 0 0.000154344223728065
"468" 0 0.001 0 6.86577834938529e-05
"469" 0 0 0 5.14218060798655e-07
"470" 0 0 0 3.01365240540363e-08
"471" 0.001 0.001 0 0.000101849728932568
"472" 0 0 0 1.76322174498811e-05
"473" 0 0 0 0.000251471548321835
"474" 0 0 0 6.26779223300566e-06
"475" 0 0 0 8.32417788076967e-06
"476" 0 0 0 1.48851053705101e-09
"477" 0 0 0 3.12407206326526e-07
"478" 0 0 0 6.87676322663755e-07
"479" 0.001 0 0 5.53377298699864e-05
"480" 0 0 0 4.28210856728839e-06
"481" 0 0 0 7.11681851894852e-06
"482" 0 0 0 9.61829364461986e-05
"483" 0 0 0 6.3658439975911e-05
"484" 0.003 0.001 0.002 0.00063704108050866
"485" 0 0 0 6.50929416000645e-05
"486" 0 0 0 2.28572165918983e-05
"487" 0 0 0 2.71727873535355e-08
"488" 0.001 0 0 0.00023244265086686
"489" 0 0 0 7.11693669330771e-07
"490" 0 0 0 3.31915495088708e-10
"491" 0 0 0 1.29682721250468e-05
"492" 0 0 0 1.69645675285324e-08
"493" 0 0 0 8.16981195983502e-06
"494" 0 0 0 1.32839941768825e-05
"495" 0 0 0 4.48813448861163e-06
"496" 0 0 0 6.84672543649345e-06
"497" 0 0 0 1.42424245064277e-07
"498" 0 0 0 4.42552994028844e-07
"499" 0 0 0 6.0918174293878e-07
"500" 0 0 0 2.77451686306884e-05
"501" 0 0 0 3.73495940841906e-08
"502" 0 0 0 4.47435781336658e-06
"503" 0 0 0 2.75370962232735e-06
"504" 0 0.002 0 8.14064604489628e-05
"505" 0 0 0 6.32296278224587e-07
"506" 0 0 0 1.7658536377585e-07
"507" 0 0.002 0 0.00110871242505184
"508" 0.001 0 0 4.56468927700904e-06
"509" 0 0 0 3.7458361856757e-08
"510" 0 0 0 4.51605976925507e-05
"511" 0.001 0 0 3.96117206558078e-05
"512" 0 0 0 2.65446944560654e-05
"513" 0 0 0 1.91054784326461e-07
"514" 0 0 0 1.60723410894681e-05
"515" 0 0 0 1.20847194071683e-05
"516" 0 0 0 5.22056765128731e-06
"517" 0.001 0 0 0.000198381349141186
"518" 0 0 0 6.08062614273486e-05
"519" 0 0 0 8.40139450553057e-06
"520" 0.002 0 0.001 0.000253452247223396
"521" 0 0 0 0.000101031991984857
"522" 0 0.001 0 0.000138370762087781
"523" 0 0 0 3.91103538444071e-09
"524" 0 0 0 1.36972655440104e-11
"525" 0 0 0 1.72763736188131e-05
"526" 0 0 0 2.32591462168141e-05
"527" 0 0 0 4.04829901046178e-06
"528" 0 0 0 9.31754654209804e-07
"529" 0 0.001 0 1.71876933507953e-06
"530" 0 0 0 4.89520419311162e-07
"531" 0 0 0 4.52185823773821e-06
"532" 0.001 0 0 4.52783794816503e-05
"533" 0 0 0 2.90788139497566e-05
"534" 0 0 0 1.8093793130447e-10
"535" 0 0 0 4.72784789096181e-09
"536" 0 0 0.001 5.0218437467997e-05
"537" 0 0 0 1.9583578092508e-09
"538" 0 0 0 1.41427518295378e-05
"539" 0.002 0.001 0 0.000283030487845504
"540" 0 0 0 4.49956717218924e-07
"541" 0.001 0 0 3.60401317525127e-05
"542" 0 0 0 2.8685449994903e-05
"543" 0 0.001 0 0.000411250195534896
"544" 0 0 0 2.38049983753985e-05
"545" 0 0.001 0 2.02829786861702e-05
"546" 0 0 0 2.91087265402723e-10
"547" 0.001 0.001 0 7.60299135751374e-05
"548" 0 0 0 1.98673527731508e-05
"549" 0 0 0 1.40998324127395e-14
"550" 0 0 0 3.53269361541564e-08
"551" 0 0 0 3.58458669746931e-07
"552" 0 0 0 9.19292580940922e-05
"553" 0 0 0 1.81681568134362e-06
"554" 0 0.001 0 0.000253355076573092
"555" 0 0 0 1.09556746674677e-07
"556" 0 0 0 1.91611064009889e-05
"557" 0.001 0.001 0 1.77368486543594e-05
"558" 0 0 0 2.91927593210062e-11
"559" 0.001 0 0.001 7.4063540031255e-05
"560" 0 0 0 1.00154375615169e-06
"561" 0 0 0 7.18637777563647e-06
"562" 0 0 0 1.14059215738926e-07
"563" 0 0 0 5.72355903727395e-06
"564" 0 0 0 1.44309168725876e-07
"565" 0 0 0 6.24002634008747e-08
"566" 0.001 0 0 0.000143871165727449
"567" 0 0 0 3.76052381789727e-06
"568" 0.001 0.001 0 0.000178924632084021
"569" 0 0 0 8.40628843074009e-05
"570" 0 0 0 5.13819071135124e-06
"571" 0 0 0 7.04850388033584e-06
"572" 0 0 0 7.13699736087925e-07
"573" 0.002 0.001 0 0.00013967147148064
"574" 0 0 0 4.49010362224556e-09
"575" 0 0 0 1.69871685486989e-05
"576" 0 0 0 6.94208267415508e-06
"577" 0.001 0 0 1.74314186621727e-05
"578" 0 0 0 0.000285517660121304
"579" 0 0.001 0 5.90649481913008e-06
"580" 0 0 0 8.72257730921699e-06
"581" 0.001 0.002 0 8.19307479974496e-05
"582" 0 0 0 2.62747079172732e-05
"583" 0 0.001 0 0.000187755148070012
"584" 0 0 0 4.56863583586653e-06
"585" 0 0 0 2.2133369903754e-05
"586" 0 0 0 8.35527217835086e-06
"587" 0 0 0 1.69549412287751e-08
"588" 0 0 0 6.70768884880601e-10
"589" 0 0 0 4.49130905799677e-08
"590" 0 0 0 1.91488380707483e-10
"591" 0 0 0 5.90639123165815e-08
"592" 0 0 0 1.16835429997408e-07
"593" 0 0 0 2.58940069575164e-06
"594" 0 0 0 4.92005902685833e-09
"595" 0 0 0 1.19707087131715e-07
"596" 0 0 0 7.99552801744596e-09
"597" 0.001 0 0 1.46614127708444e-05
"598" 0 0 0 7.163579656988e-05
"599" 0 0 0 9.96670845854197e-09
"600" 0 0 0 8.44517000953005e-06
"601" 0 0 0 3.8379876099448e-07
"602" 0 0 0 0.000100955774189448
"603" 0 0 0 3.5778468371328e-06
"604" 0 0 0 2.51336992229678e-06
"605" 0 0 0 5.32220278959272e-09
"606" 0 0 0 5.46554671521093e-08
"607" 0 0 0 2.09940319573221e-08
"608" 0 0 0 1.98125143876515e-05
"609" 0 0 0 1.16978680964053e-07
"610" 0 0 0 4.11261650734573e-07
"611" 0 0 0 1.54491277308821e-05
"612" 0 0 0 1.72607801385283e-08
"613" 0 0.002 0 8.89382668167737e-05
"614" 0 0 0 4.71612633802243e-05
"615" 0.002 0.001 0 0.000737652099722874
"616" 0.002 0.002 0 0.000297223165825589
"617" 0 0 0 1.60715885044738e-10
"618" 0 0 0 1.36441981668511e-06
"619" 0 0.001 0 0.000123015583589736
"620" 0 0 0 9.43920064766512e-06
"621" 0.002 0.001 0.001 3.24487007623553e-05
"622" 0 0.001 0 8.85795061653649e-05
"623" 0 0.001 0.001 0.000307736613549214
"624" 0 0.003 0 0.000383422799282496
"625" 0 0 0 3.26224548767851e-05
"626" 0 0 0 5.85453907575584e-12
"627" 0 0 0 2.04730865593916e-09
"628" 0 0 0 7.12117817036617e-06
"629" 0 0 0 3.38456726028946e-05
"630" 0 0 0 5.1209508911132e-07
"631" 0 0 0 1.27899447646129e-05
"632" 0 0 0 3.08332714704651e-06
"633" 0 0.001 0 6.62436440213021e-05
"634" 0.001 0.002 0.002 0.000322035156284262
"635" 0 0 0 1.66400226930818e-11
"636" 0 0 0 4.59553582721206e-06
"637" 0 0.002 0 0.000109201080608079
"638" 0 0 0 9.31207415238999e-05
"639" 0 0 0 2.33851861746182e-05
"640" 0 0 0 3.51578021140497e-08
"641" 0 0 0 5.62623254873884e-07
"642" 0 0 0 4.72631251110522e-05
"643" 0.001 0 0 4.58311565503244e-05
"644" 0 0 0 1.39428304066769e-05
"645" 0 0 0 7.27183475546234e-07
"646" 0 0 0 2.11443985986826e-07
"647" 0 0 0 4.43920307382495e-05
"648" 0 0 0 3.99898878344906e-07
"649" 0 0 0 4.03219761292428e-05
"650" 0 0 0 2.46508721324368e-07
"651" 0.001 0 0 2.11893824864084e-05
"652" 0 0 0 1.73577426654248e-07
"653" 0 0 0 3.93445515278756e-07
"654" 0 0 0 4.42981640258466e-09
"655" 0 0 0 4.78789041746808e-09
"656" 0 0 0 3.4565158602673e-05
"657" 0 0 0 1.74594688484575e-06
"658" 0 0 0 4.37815245636353e-05
"659" 0.006 0.003 0.006 0.00266246125585412
"660" 0 0 0 1.26574286968273e-05
"661" 0.001 0.001 0 0.000717120521532499
"662" 0.001 0.001 0 9.58000648134671e-05
"663" 0 0 0 2.05302184593803e-05
"664" 0 0 0 1.3323675496224e-11
"665" 0 0 0 0.000109859652110522
"666" 0.001 0.002 0 0.00111617632860428
"667" 0.001 0.002 0 7.56602096803061e-05
"668" 0.001 0 0.001 0.000302423739179214
"669" 0.001 0 0 9.28688109014253e-06
"670" 0.001 0 0 1.91837317529142e-05
"671" 0 0 0 2.65533389720574e-07
"672" 0 0.005 0 0.00248594547544156
"673" 0 0 0 3.62510527374127e-07
"674" 0.001 0 0 0.000683622020670072
"675" 0 0 0 1.04239727960476e-10
"676" 0.001 0.002 0.004 0.00153640432843616
"677" 0 0 0 1.6934989861217e-05
"678" 0 0.003 0.001 0.000207709011575408
"679" 0 0 0 5.99295514103204e-06
"680" 0 0 0 2.61178852101196e-07
"681" 0 0.001 0 0.000171327769303509
"682" 0 0 0 0.000128710325696724
"683" 0 0 0 8.66137794819366e-08
"684" 0.002 0.007 0 0.00168193932625083
"685" 0 0 0 1.18846044117049e-10
"686" 0 0 0 1.54937767748997e-06
"687" 0 0 0 5.85980528242658e-05
"688" 0 0 0 1.20132838777876e-05
"689" 0 0.001 0 0.000103361756921161
"690" 0 0 0 3.98540659252156e-07
"691" 0 0 0 2.19847142890472e-06
"692" 0 0 0 3.70703621663804e-05
"693" 0 0 0 1.33226762955019e-15
"694" 0 0 0 2.6947243719766e-06
"695" 0 0 0 9.32395908703754e-06
"696" 0.003 0 0.001 0.00033253734188643
"697" 0 0 0 1.89875415390617e-09
"698" 0 0 0 3.14582953020448e-08
"699" 0 0 0 2.51349835389547e-08
"700" 0.001 0 0 6.06759157534276e-05
"701" 0 0 0 1.08766007866912e-07
"702" 0 0.001 0 3.73226606920074e-05
"703" 0 0 0 6.07176686706623e-09
"704" 0 0 0 5.71552269545972e-06
"705" 0 0 0 4.02104242680501e-07
"706" 0 0 0 1.74296361806769e-05
"707" 0 0.001 0 0.000262186438701351
"708" 0 0.001 0 2.122550984196e-06
"709" 0 0 0 4.30806094020575e-07
"710" 0 0 0 1.77976982518313e-05
"711" 0 0 0 4.41549374841088e-09
"712" 0.002 0.003 0 6.63580017409293e-05
"713" 0 0 0 1.52211498413157e-05
"714" 0 0 0 3.42957661643162e-05
"715" 0 0 0 1.43019572074188e-07
"716" 0 0 0 5.93054927389147e-09
"717" 0 0 0 1.68098107800052e-06
"718" 0 0 0 9.41643816254611e-08
"719" 0 0 0 3.0214873801615e-05
"720" 0 0.002 0 2.35361046482252e-05
"721" 0.002 0 0.001 5.85553394099048e-05
"722" 0 0 0 1.76414438612937e-13
"723" 0 0 0 1.27802379190634e-06
"724" 0 0.001 0 2.96805551391888e-06
"725" 0 0 0 5.97084859332853e-08
"726" 0 0 0 2.36421145325405e-05
"727" 0 0 0 3.21296221184042e-07
"728" 0 0 0 1.81387256792398e-06
"729" 0.001 0 0 4.76634930925979e-05
"730" 0.001 0 0 2.03411648123097e-05
"731" 0.001 0 0 0.000132655242646718
"732" 0 0 0 2.87775325791273e-09
"733" 0 0 0 1.88276887858052e-06
"734" 0 0 0 2.97049296826835e-07
"735" 0 0 0 4.02786769054808e-05
"736" 0 0 0 2.27405960728788e-08
"737" 0 0 0 6.95155479846221e-07
"738" 0 0 0 7.52484108568208e-06
"739" 0 0 0 5.51671354919181e-05
"740" 0.002 0 0 0.000294127707529013
"741" 0.001 0 0 1.34318311140191e-07
"742" 0 0 0 1.11608522423978e-09
"743" 0 0 0 6.52217169161418e-11
"744" 0 0 0 3.61309007146371e-06
"745" 0 0 0 2.95294565366699e-06
"746" 0 0 0 5.61893418737913e-06
"747" 0.001 0 0 4.42352757989983e-05
"748" 0.001 0 0 0.000199624495915596
"749" 0.001 0 0 4.0422740280377e-05
"750" 0 0 0 1.75284941650311e-06
"751" 0 0 0 1.13601651297035e-06
"752" 0 0 0 4.56426244355157e-07
"753" 0 0 0 4.92462692847084e-07
"754" 0 0.002 0 7.57109522309118e-05
"755" 0 0 0 1.25431498965156e-07
"756" 0 0 0 8.75527978727586e-05
"757" 0 0 0 6.42931037131422e-06
"758" 0 0 0 9.48461087446617e-10
"759" 0 0 0 3.10581158569079e-08
"760" 0 0 0 1.2810555616305e-08
"761" 0.003 0.001 0.001 0.0013840020541761
"762" 0 0 0 1.21086474180743e-11
"763" 0.001 0 0 4.49030508431481e-06
"764" 0 0 0 0.000251396008158267
"765" 0 0.001 0 3.17154938223041e-05
"766" 0 0 0 3.18356452311264e-12
"767" 0 0 0 4.15214780644657e-05
"768" 0 0 0 1.91001620075681e-08
"769" 0 0 0 9.1907937926905e-09
"770" 0.001 0.001 0 2.18606606079419e-05
"771" 0 0 0 8.76261702087433e-08
"772" 0 0 0 4.82868843032502e-06
"773" 0 0 0 8.24240542329768e-06
"774" 0 0 0 3.17742418931566e-07
"775" 0 0 0 1.0590861654336e-07
"776" 0 0 0 1.29264972059673e-07
"777" 0 0 0 1.06303226221627e-07
"778" 0 0 0 5.07117785542022e-07
"779" 0 0 0 1.42245438539135e-07
"780" 0.002 0 0 0.000329764362003604
"781" 0 0 0 6.54575789503786e-05
"782" 0 0 0 4.26847401868713e-09
"783" 0 0.001 0 0.000182935964480824
"784" 0 0 0 4.81568831439683e-05
"785" 0.001 0 0 5.49225138505305e-05
"786" 0 0 0 4.17766043980805e-10
"787" 0 0 0 1.30062901348982e-06
"788" 0 0.001 0 0.00016955608686442
"789" 0 0 0 2.54393082155246e-08
"790" 0 0 0 1.45576966387173e-05
"791" 0 0 0 3.28405110772145e-07
"792" 0 0 0 1.19921514718513e-07
"793" 0 0 0 6.93483993535748e-05
"794" 0 0 0 2.26266697830324e-05
"795" 0 0 0 1.9404221568764e-05
"796" 0.002 0 0 5.58257698408671e-05
"797" 0 0 0 4.87398474913192e-08
"798" 0 0 0 2.57386200130938e-08
"799" 0 0 0 2.36618066251637e-08
"800" 0 0 0 2.36202002401598e-09
"801" 0 0 0 1.58386430637592e-08
"802" 0 0 0.001 0.00011440724167211
"803" 0 0 0 0.000530614629135284
"804" 0 0 0 1.8534273005244e-09
"805" 0.002 0.004 0 0.000656353897898421
"806" 0 0.001 0 1.99484469509681e-05
"807" 0 0 0 5.70583300210092e-05
"808" 0 0 0 3.67522487565441e-06
"809" 0 0 0 2.56360383588117e-07
"810" 0.001 0 0 2.69931836704984e-06
"811" 0 0 0 4.60129045976032e-10
"812" 0 0 0.001 1.13256193101652e-06
"813" 0 0 0 9.15307105331387e-07
"814" 0 0 0 3.07359881757119e-06
"815" 0 0 0 1.00439417436426e-05
"816" 0.003 0.004 0.003 0.000914715777474817
"817" 0 0 0 3.53863944391186e-06
"818" 0 0 0 7.23068062202792e-07
"819" 0 0 0 7.23840387628627e-09
"820" 0 0 0 1.26875216777123e-06
"821" 0 0 0 3.6270590875187e-07
"822" 0 0 0 8.74640191828036e-07
"823" 0 0.002 0.002 0.000546725179072505
"824" 0 0 0 1.45109558813417e-08
"825" 0.001 0.001 0.002 0.000258117858065288
"826" 0 0 0 4.83150164320989e-09
"827" 0 0 0 2.03239885460116e-05
"828" 0.001 0.001 0 0.000152753598828048
"829" 0 0.001 0 0.000392741083224291
"830" 0 0.003 0 0.000119914947270705
"831" 0 0 0 6.96193752558472e-06
"832" 0 0.001 0 3.23699944412281e-05
"833" 0 0 0 6.16344569381866e-07
"834" 0 0 0 3.82619198768808e-07
"835" 0 0 0 1.38605797922464e-05
"836" 0 0 0 2.14084926442037e-06
"837" 0 0 0 2.29122476547161e-09
"838" 0.002 0.001 0.001 0.000296093508595607
"839" 0 0 0 6.70574706873595e-14
"840" 0 0 0 2.50246543487265e-08
"841" 0 0 0 3.38488845922358e-05
"842" 0 0 0 2.46169415962783e-08
"843" 0.003 0.003 0.003 0.00104684483377915
"844" 0 0.001 0 3.79627016399153e-05
"845" 0.001 0.003 0 0.000883365555906401
"846" 0.001 0 0 0.000236339519309681
"847" 0.001 0.002 0 2.09787329797928e-05
"848" 0 0 0 7.9364396292636e-06
"849" 0 0 0 7.21949277360245e-07
"850" 0 0 0 5.96211968684202e-12
"851" 0 0 0 5.4655512893298e-08
"852" 0 0 0 5.8041460526681e-11
"853" 0 0.001 0 0.000118923548154237
"854" 0 0 0 7.105427357601e-15
"855" 0 0 0 5.04266354039995e-06
"856" 0 0.001 0 0.000555823838415237
"857" 0 0 0 1.48425938784058e-06
"858" 0.002 0.003 0 0.00101574256046189
"859" 0.003 0 0 0.000149557339402695
"860" 0 0 0 2.6817903453491e-10
"861" 0 0 0 1.20892996946509e-07
"862" 0 0 0 1.28283172173838e-06
"863" 0 0 0 1.32115507422981e-09
"864" 0 0.001 0 0.000124300071465022
"865" 0.001 0 0 3.50844285539331e-05
"866" 0 0 0 3.64221595106073e-07
"867" 0 0 0 2.16421491283647e-07
"868" 0 0 0 2.39189977424559e-06
"869" 0 0 0 2.04925170155246e-06
"870" 0.002 0 0 0.000146410181853907
"871" 0.001 0 0.002 0.00053594558776604
"872" 0.003 0 0.002 0.000513132288901819
"873" 0 0 0 3.98839971160747e-07
"874" 0 0 0 1.78447818077743e-07
"875" 0 0 0 1.51978962803501e-06
"876" 0 0 0 0.000162368852550276
"877" 0 0 0 4.55140876720606e-06
"878" 0 0 0 6.75534202543293e-06
"879" 0 0 0 5.43699934962838e-07
"880" 0 0 0 0.0001593573322618
"881" 0 0 0 1.32450161838271e-07
"882" 0 0.001 0 1.99547262513811e-05
"883" 0 0 0 3.22893323728701e-05
"884" 0 0 0 5.10259340336106e-08
"885" 0 0 0 1.23735597212793e-07
"886" 0 0.001 0 3.31268634500281e-05
"887" 0 0 0 3.73677533360706e-10
"888" 0 0.001 0 8.07715762450867e-05
"889" 0 0 0 3.42696060418035e-09
"890" 0 0 0 4.16195449248757e-06
"891" 0 0 0 2.21182065804904e-05
"892" 0 0 0 9.23192284371099e-05
"893" 0 0 0 1.17185557979571e-06
"894" 0 0 0 2.25138183247431e-05
"895" 0.002 0.002 0 0.000382601817875083
"896" 0 0 0 1.99518694873335e-05
"897" 0 0 0 1.66728642780889e-07
"898" 0 0 0 7.07651524600728e-06
"899" 0 0 0 9.41985822677793e-08
"900" 0.001 0.001 0 9.51855524868872e-05
"901" 0 0.001 0 9.61040351032949e-06
"902" 0 0 0 9.23274854658374e-06
"903" 0 0 0 1.98477807522579e-08
"904" 0 0 0 3.34541021751456e-06
"905" 0 0 0 4.9382210161153e-05
"906" 0 0 0 1.16150822293548e-09
"907" 0 0 0 1.64470769115077e-07
"908" 0 0 0 5.67126787121008e-06
"909" 0 0 0 1.67724056601148e-05
"910" 0.002 0 0 0.000187352136673202
"911" 0 0 0 4.822420275441e-06
"912" 0.001 0 0 3.66349590286141e-06
"913" 0 0 0 1.91987497344392e-07
"914" 0 0 0 1.71782166769052e-06
"915" 0 0 0 2.64922639381382e-10
"916" 0 0 0 1.12305095930632e-05
"917" 0 0 0 3.16899771642953e-05
"918" 0 0 0 2.61963341019467e-08
"919" 0 0.001 0 8.42816693769066e-07
"920" 0 0 0 1.23834301035686e-06
"921" 0 0 0 3.95516952522712e-12
"922" 0.001 0 0 0.000443562110430507
"923" 0 0 0 7.14054344801429e-05
"924" 0.001 0 0 9.75508407207171e-05
"925" 0 0 0 4.91342518893489e-08
"926" 0 0 0 7.20177429156532e-05
"927" 0 0 0 1.52833796296381e-05
"928" 0 0 0 8.57102435025681e-07
"929" 0 0 0 8.29853963324467e-11
"930" 0 0 0 1.93064752228578e-05
"931" 0 0 0 3.95884595105755e-08
"932" 0 0 0 4.22902268759628e-10
"933" 0 0 0 2.4067560747687e-06
"934" 0 0 0 1.83051281975599e-05
"935" 0 0.001 0 1.5700613502867e-05
"936" 0 0 0 4.97830015877554e-07
"937" 0 0 0 1.40239611290394e-06
"938" 0 0.003 0.002 0.00174805822935498
"939" 0 0 0 5.52978952739203e-07
"940" 0 0 0 8.78659655541014e-05
"941" 0 0 0 8.4417353440891e-07
"942" 0 0 0 1.29531493029411e-05
"943" 0 0 0 3.79760638636872e-05
"944" 0 0 0 1.40323701737222e-05
"945" 0 0 0 5.2964372273534e-06
"946" 0 0 0 2.60427808207453e-07
"947" 0 0 0 1.45081192837182e-07
"948" 0 0 0 1.27151724143015e-05
"949" 0 0.002 0 4.93536236841896e-05
"950" 0 0 0 3.50625013423311e-06
"951" 0 0 0 6.85765663532845e-06
"952" 0 0 0 1.88489991392871e-08
"953" 0.001 0 0.001 0.000152498893525199
"954" 0 0 0 2.53537423946515e-05
"955" 0 0 0 6.26122057467704e-06
"956" 0 0 0 1.32599829050228e-06
"957" 0 0 0 2.73235585562803e-05
"958" 0 0 0 1.56360684294699e-05
"959" 0 0 0 1.40606230769613e-07
"960" 0 0 0 1.05070612210767e-08
"961" 0 0 0 2.51389088778975e-06
"962" 0 0 0 4.89350368664265e-05
"963" 0 0 0 1.878161157709e-07
"964" 0 0.001 0 0.000118896118465717
"965" 0 0.001 0 0.000108386426241669
"966" 0 0 0 5.28462622444437e-05
"967" 0 0 0 7.98547668690031e-06
"968" 0 0 0 6.72017996805607e-11
"969" 0 0 0 1.37882823381119e-07
"970" 0 0 0 9.95135085446464e-11
"971" 0 0 0 6.20107562376848e-06
"972" 0 0 0 9.42926858815696e-09
"973" 0.005 0 0 0.00102211713092837
"974" 0 0 0 2.61620066288604e-06
"975" 0 0 0 5.32338617631467e-11
"976" 0 0 0 6.41139897616938e-07
"977" 0 0 0 2.95506630276776e-09
"978" 0 0.001 0 1.30050127612469e-05
"979" 0 0.001 0 6.76114513165071e-06
"980" 0.001 0 0 0.000269500153108226
"981" 0 0.004 0 0.000366457146301902
"982" 0.003 0.004 0 0.000999275342233541
"983" 0.001 0 0 7.28029399832408e-06
"984" 0 0 0 1.67101540375914e-05
"985" 0 0 0 5.22179627315822e-08
"986" 0 0 0 1.69809067385174e-05
"987" 0.002 0.002 0.001 0.000645102472356274
"988" 0 0 0 9.53874867759552e-07
"989" 0 0 0 1.0142400948876e-05
"990" 0 0 0 1.85313722700364e-07
"991" 0 0 0 1.98026844366872e-07
"992" 0.005 0.005 0.001 0.0024012827581148
"993" 0 0 0 1.17818545050108e-05
"994" 0 0 0 1.8568073029912e-05
"995" 0 0 0 1.1888598274723e-06
"996" 0 0 0 7.25880383800614e-06
"997" 0 0 0 1.67988034593947e-09
"998" 0 0 0 5.81329741011771e-08
"999" 0 0 0 2.62838613691585e-05
"1000" 0.002 0.002 0 5.70987247019428e-05
