"A" "B" "P" "BT"
"1" 0.001 0.001 0.001 0.000408772532195623
"2" 0.009 0.007 0.004 0.00589826465364185
"3" 0.006 0.007 0.013 0.00744197205351171
"4" 0 0.001 0 0.000286284338415821
"5" 0.008 0.01 0.004 0.00569448257319327
"6" 0 0 0 2.27073471137373e-10
"7" 0 0 0 1.38450156783598e-07
"8" 0 0 0 2.98146098920427e-08
"9" 0 0 0 0.000159688478180819
"10" 0.003 0 0 0.000257198310588347
"11" 0.003 0.002 0.001 0.000968967583320546
"12" 0.002 0 0.001 0.00112409700929395
"13" 0 0.003 0.001 0.000169455295776055
"14" 0 0 0 8.13834838213623e-05
"15" 0 0 0 0.000455948627328673
"16" 0 0.001 0 4.920184794166e-05
"17" 0 0 0 7.24853091027544e-06
"18" 0 0 0 1.00929881208245e-06
"19" 0 0 0 1.45580813182278e-07
"20" 0 0 0 2.05691814230136e-05
"21" 0 0 0 2.49539621743899e-07
"22" 0 0 0 3.39029829911075e-05
"23" 0.003 0.006 0.003 0.00168768049917467
"24" 0 0 0.001 3.40865700390047e-05
"25" 0.002 0.004 0.004 0.00161689877038285
"26" 0 0 0 9.57737822271376e-07
"27" 0 0.002 0.001 0.000616585264864078
"28" 0 0.001 0 7.7844226517465e-05
"29" 0.003 0.006 0.002 0.00189200246794796
"30" 0 0 0 1.43018754505952e-06
"31" 0.002 0.005 0 0.00122742172739787
"32" 0 0.001 0.001 0.000290624626571145
"33" 0.005 0.004 0.001 0.00193060816833723
"34" 0 0 0 8.24638863314853e-05
"35" 0.002 0.001 0 0.00011706421616442
"36" 0 0 0 1.02738262341973e-09
"37" 0.007 0.015 0.003 0.00709106810189075
"38" 0 0 0 6.2365377271334e-06
"39" 0.001 0.002 0 0.000631325193106824
"40" 0.001 0.002 0.003 0.000389670121380803
"41" 0.002 0.002 0 0.000534394710639985
"42" 0.002 0.004 0 0.000472788636763588
"43" 0 0 0 5.29406738336569e-07
"44" 0.001 0 0 0.000169581367960192
"45" 0 0 0 6.27739790559634e-05
"46" 0 0.001 0.001 5.94654755800006e-05
"47" 0 0 0 7.21283344500279e-05
"48" 0 0 0 1.93432247151959e-05
"49" 0.001 0 0.001 0.000223072839385385
"50" 0.014 0.007 0.01 0.00795684968819421
"51" 0 0.001 0.001 0.000203755964151786
"52" 0.002 0.004 0.002 0.000736491577746246
"53" 0 0 0.001 7.05771891732487e-05
"54" 0 0 0 1.86591472517428e-06
"55" 0 0 0 1.47170058695245e-07
"56" 0 0 0 1.9510635169806e-05
"57" 0.003 0.002 0 0.000675433681143645
"58" 0 0 0 1.02376680888305e-06
"59" 0.003 0 0.002 0.000854094883456002
"60" 0 0 0 0.000606899874590172
"61" 0 0 0 2.21328886512717e-05
"62" 0.001 0 0 2.45576139472625e-05
"63" 0 0 0 9.95488115829168e-06
"64" 0.002 0.001 0 0.000361636649118924
"65" 0.015 0.019 0.009 0.010831094537576
"66" 0 0 0 1.03612667667896e-07
"67" 0.003 0.001 0.002 0.00132533928214296
"68" 0 0 0 5.181131142451e-06
"69" 0 0 0 3.05471719097561e-06
"70" 0.001 0 0 2.49118028422535e-05
"71" 0 0 0 2.7535460545014e-07
"72" 0 0 0 9.432598023007e-05
"73" 0.001 0.002 0.001 0.000782863593906447
"74" 0 0.003 0.001 0.000454802388442754
"75" 0.003 0.006 0 0.00100716576734605
"76" 0.006 0.006 0.002 0.00635765977428548
"77" 0 0 0 0.000189599117272898
"78" 0.001 0.001 0 0.00131229763259899
"79" 0 0 0 2.18089646852881e-06
"80" 0.001 0 0.002 0.000244892955292064
"81" 0 0 0 6.72795152922845e-13
"82" 0 0 0 1.38137896751322e-05
"83" 0.002 0.002 0 0.000648868201681752
"84" 0.011 0.006 0.002 0.00380501760936647
"85" 0.001 0.001 0 7.72905618696695e-05
"86" 0 0 0 6.58411103415801e-11
"87" 0 0 0 1.37695883635214e-05
"88" 0 0.001 0 0.000131299118139028
"89" 0.006 0.009 0.001 0.00493213919069502
"90" 0 0 0 6.33942372363361e-06
"91" 0 0 0 0.000139471389612122
"92" 0 0 0 1.99145078205731e-09
"93" 0 0 0 1.56396753880905e-07
"94" 0.014 0.021 0.012 0.0150004488489859
"95" 0 0.001 0.001 5.62075344806567e-05
"96" 0 0 0 9.72055769210556e-12
"97" 0 0 0 5.54010930152726e-05
"98" 0 0.002 0 0.000148101481157625
"99" 0.001 0 0 8.8884337352102e-05
"100" 0.001 0 0 8.0716556955851e-05
"101" 0 0 0 9.13472613106592e-08
"102" 0 0 0 4.04553267552288e-08
"103" 0.001 0 0 0.000135618450026187
"104" 0.005 0.004 0.001 0.00193439961624542
"105" 0.001 0 0 0.000184897758159996
"106" 0.003 0.001 0.003 0.00341757151537314
"107" 0.001 0 0 0.000167719070601868
"108" 0.003 0.001 0.002 0.000798310107800182
"109" 0.001 0.001 0 0.00082230395618943
"110" 0.001 0 0 0.000302418153101724
"111" 0.001 0.002 0 0.000764212592286539
"112" 0 0 0 2.42272029767898e-05
"113" 0.002 0.003 0.003 0.00110566021542868
"114" 0 0.002 0.001 0.000369445221391818
"115" 0.002 0 0 9.06037370353996e-05
"116" 0.001 0 0 7.71180222249868e-05
"117" 0.005 0.003 0.002 0.00280789115869207
"118" 0 0 0 2.64802887053328e-05
"119" 0 0.002 0 0.000391795268076645
"120" 0 0 0.001 1.34605217882999e-06
"121" 0 0.001 0.001 0.000524282456327074
"122" 0.006 0.005 0.004 0.00194617548694986
"123" 0.002 0.004 0 0.00153648098223758
"124" 0.001 0.001 0 0.000196125258970725
"125" 0 0 0 2.08246230309905e-05
"126" 0 0.001 0 1.41404803016831e-05
"127" 0 0 0 3.53220836069035e-06
"128" 0 0 0 0.000186527896939626
"129" 0 0 0 2.90264541291663e-08
"130" 0 0 0 1.65032433030454e-06
"131" 0 0 0 4.17398120144963e-06
"132" 0 0 0 7.84381270576562e-05
"133" 0 0 0 5.91305691595156e-05
"134" 0.003 0.003 0 0.000973051220996224
"135" 0.001 0 0 0.00016017986880168
"136" 0 0 0 2.30211340276343e-05
"137" 0 0.001 0.002 0.00049944980846639
"138" 0.007 0.003 0.003 0.00303951250486789
"139" 0.004 0.006 0.003 0.00275759303348455
"140" 0 0 0 1.99466669015269e-05
"141" 0 0.002 0.003 0.00254260571564968
"142" 0 0.001 0 0.000248715511795394
"143" 0.001 0 0 0.00015499286636933
"144" 0 0 0 0.000245858383452369
"145" 0.001 0 0.001 1.28973830756385e-05
"146" 0 0 0 9.29595499021829e-06
"147" 0.002 0 0 0.000156617343402332
"148" 0.001 0.001 0.001 0.000238435644588031
"149" 0 0 0 3.53512618067597e-08
"150" 0 0.001 0 1.42577675414923e-05
"151" 0 0 0.001 0.000375922126408912
"152" 0 0 0 4.33111937536701e-07
"153" 0.003 0.005 0.002 0.00170759263781861
"154" 0.004 0.004 0 0.000915734369600574
"155" 0 0.004 0 0.000949735473633972
"156" 0 0 0 9.51346967092981e-07
"157" 0 0 0 3.59116912598267e-05
"158" 0 0.001 0 3.93595911796218e-06
"159" 0.003 0.003 0 0.00101365859322433
"160" 0.002 0.002 0.001 0.000352692946653854
"161" 0 0 0 1.2252011796221e-05
"162" 0 0.001 0 2.02657153922647e-05
"163" 0 0.001 0 0.000676242147588546
"164" 0.005 0.002 0.002 0.00041235706791054
"165" 0.004 0.004 0.006 0.00310303343631746
"166" 0.001 0.002 0 0.000335290758270657
"167" 0.007 0.002 0.004 0.00350153114883212
"168" 0.004 0.003 0.003 0.00139121268395859
"169" 0.001 0.002 0 0.000210695488030765
"170" 0 0.001 0 2.13182352589714e-05
"171" 0 0 0 4.59304100470792e-05
"172" 0 0 0 2.21675669387356e-06
"173" 0 0.003 0 0.000583810909893234
"174" 0.001 0.001 0.001 0.00018064129723605
"175" 0.002 0.002 0.001 0.00062948087757253
"176" 0 0 0 2.34620945338548e-07
"177" 0.002 0.002 0 0.000471814951359728
"178" 0.013 0.019 0.016 0.0174870702094522
"179" 0.003 0.001 0 0.000438603672856419
"180" 0.003 0.001 0.001 0.000789041279831815
"181" 0 0 0 7.32049444751581e-05
"182" 0.001 0.002 0 8.85545191667836e-05
"183" 0 0 0 1.88433472159133e-08
"184" 0 0 0 4.90267108799181e-07
"185" 0 0 0 3.1905818784761e-06
"186" 0 0 0 4.27973459282693e-06
"187" 0 0 0 8.79530560604636e-08
"188" 0 0 0 1.087626715357e-07
"189" 0 0 0 4.60901010246317e-07
"190" 0 0 0 3.85396105584412e-07
"191" 0 0 0 2.22305834074454e-07
"192" 0.001 0 0 0.000272321561583966
"193" 0 0 0 7.61790482772806e-06
"194" 0 0 0 0.000272371886187783
"195" 0 0.001 0 0.000109004249634226
"196" 0.006 0.006 0.001 0.00257161795707428
"197" 0 0.004 0 0.000295392015705276
"198" 0 0 0 2.2056838294704e-06
"199" 0.001 0.001 0.001 0.000335191459222228
"200" 0 0 0 7.47515719767833e-07
"201" 0 0 0 0.000175778115720004
"202" 0.001 0.001 0.001 0.000972855910442272
"203" 0.002 0.002 0 0.000833937360650294
"204" 0.001 0.001 0 0.000109558019482536
"205" 0.001 0.001 0.001 0.000125981248838558
"206" 0 0 0 4.10352814805837e-06
"207" 0 0.001 0.001 0.000348663351210754
"208" 0.003 0.002 0 0.000464547815719363
"209" 0 0 0 5.84523441538032e-07
"210" 0 0.001 0 5.57091539377108e-06
"211" 0.004 0.005 0.003 0.00361130040812674
"212" 0.002 0.001 0.001 0.000179959933792828
"213" 0 0 0 3.61683577787542e-06
"214" 0.002 0.005 0.001 0.000724133974013053
"215" 0.001 0.002 0 9.18488933858708e-05
"216" 0 0.001 0.002 0.00154911330184337
"217" 0.002 0.004 0.001 0.00188484785416587
"218" 0 0 0 1.26564891900216e-09
"219" 0.005 0.004 0 0.000643269038399841
"220" 0.001 0 0 0.000163253605458102
"221" 0 0 0 1.67890371446378e-05
"222" 0 0 0 3.7705366806029e-05
"223" 0 0 0 9.16300814557403e-07
"224" 0.003 0.007 0 0.000787751248836455
"225" 0 0 0 1.67858971167334e-09
"226" 0 0 0 4.65940176822555e-05
"227" 0.016 0.012 0.009 0.00802998692070955
"228" 0.014 0.012 0.012 0.0116851900462069
"229" 0 0.004 0.003 0.000584590897444115
"230" 0 0.001 0 1.49387091389341e-05
"231" 0 0 0 1.56707285181579e-06
"232" 0.001 0.001 0.001 0.000458831771834922
"233" 0 0 0 7.10185660823814e-06
"234" 0 0.001 0 0.000366946217267738
"235" 0.001 0 0 4.26595121719719e-05
"236" 0 0 0 3.62048263617964e-05
"237" 0 0 0 4.45776264856867e-06
"238" 0 0 0 0.000148011753243971
"239" 0 0 0 5.97085270115372e-10
"240" 0.001 0 0.001 0.000230384461641808
"241" 0 0 0 4.44613947436778e-07
"242" 0.023 0.018 0.016 0.0150107228683926
"243" 0 0 0 2.56967620922977e-05
"244" 0.005 0.001 0 0.00111207576922545
"245" 0 0 0 3.25491839259229e-07
"246" 0 0 0 2.61844235989184e-05
"247" 0 0 0 8.02488075990482e-11
"248" 0 0 0 1.29510429565105e-05
"249" 0.002 0.001 0.002 0.000740102571932688
"250" 0.005 0.006 0.002 0.00250345693279841
"251" 0 0 0 0.000203925434865582
"252" 0.001 0.004 0.002 0.00180480780628778
"253" 0.005 0.002 0.004 0.00199845251169728
"254" 0 0 0 7.03024592541013e-07
"255" 0.005 0 0.003 0.000537337661899562
"256" 0.003 0.004 0 0.00100913490629606
"257" 0 0.002 0 0.00040065120463495
"258" 0.001 0 0.001 0.000202550726228989
"259" 0 0.001 0 0.000111194075888332
"260" 0 0 0 1.77257739708558e-07
"261" 0 0 0 3.08671867700339e-05
"262" 0.001 0 0 0.000237710118761725
"263" 0.002 0 0 0.000487941319491481
"264" 0 0 0 0.000107711211183803
"265" 0.008 0.007 0.001 0.00540649385973768
"266" 0 0 0 2.96615143047241e-06
"267" 0 0 0 2.02021564588151e-07
"268" 0.002 0 0.001 0.000134085389385308
"269" 0 0.001 0 4.87881726359829e-05
"270" 0.004 0.004 0.002 0.00208113733770476
"271" 0 0 0 4.26209608258565e-05
"272" 0 0 0.001 0.000252095864684554
"273" 0.001 0.001 0 0.000224811107391032
"274" 0 0 0 4.27158656524096e-06
"275" 0.003 0.001 0.003 0.000734757018739152
"276" 0 0 0.001 8.94289131911918e-05
"277" 0.002 0 0 0.000147259499769348
"278" 0 0 0 0.000102924240878877
"279" 0 0 0.001 2.18837203871391e-05
"280" 0 0.002 0.001 0.000746540382946304
"281" 0.016 0.004 0.011 0.00833633711868753
"282" 0.003 0 0.001 0.00125367016131828
"283" 0 0.001 0.002 0.00155132185963724
"284" 0.009 0.014 0.01 0.00780473396851922
"285" 0.001 0 0 2.7710253679647e-05
"286" 0 0.001 0.001 0.000227391080560801
"287" 0 0 0 3.01894975685002e-09
"288" 0 0.001 0.001 0.000729804471011564
"289" 0.002 0.003 0 0.000808596284504803
"290" 0.002 0.001 0.003 0.000934123814483101
"291" 0 0 0 0.000225040011530009
"292" 0 0 0 3.82255538222687e-07
"293" 0.004 0.002 0 0.000614870201514295
"294" 0 0 0 5.16177894427372e-07
"295" 0 0 0 3.6341076274593e-05
"296" 0 0.001 0 0.000114802234223443
"297" 0.002 0 0 0.000167390855917215
"298" 0 0.003 0 0.000733584189444025
"299" 0.012 0.005 0.006 0.00781703119207111
"300" 0 0 0 5.92601929324532e-05
"301" 0 0 0 2.07285244513411e-06
"302" 0 0 0 0.000106115146489616
"303" 0 0.002 0.001 0.000648140830812771
"304" 0.003 0.009 0.005 0.00494178257042255
"305" 0.004 0.006 0.001 0.00428914142949754
"306" 0 0 0 6.40742503499325e-09
"307" 0 0 0 4.42332490957487e-06
"308" 0.001 0 0 8.90887767623916e-06
"309" 0 0.004 0 0.000492626721192213
"310" 0 0 0 2.18051602961511e-05
"311" 0 0 0 6.28383678950017e-05
"312" 0 0 0 1.93028530592887e-06
"313" 0 0 0 5.94354192254842e-05
"314" 0.005 0.004 0.003 0.00209572142414638
"315" 0.002 0 0 0.000487415062604746
"316" 0.004 0 0 0.00109739957413291
"317" 0 0 0 3.23228428877886e-06
"318" 0.004 0.004 0.001 0.00200125406039908
"319" 0.001 0.002 0 0.00189997044740076
"320" 0.004 0.006 0.003 0.00315077598418989
"321" 0 0 0 1.05909663401516e-05
"322" 0 0 0 3.53750975727873e-05
"323" 0 0 0 3.56328316285515e-05
"324" 0 0 0 1.14042526877522e-06
"325" 0.001 0 0 4.34594808995659e-06
"326" 0 0 0.001 0.00058841120592934
"327" 0 0 0 5.52392067199037e-07
"328" 0 0 0 2.88406832180677e-05
"329" 0.001 0 0 0.000467554421462846
"330" 0 0 0.001 3.94018878977498e-05
"331" 0 0 0 1.31247112026278e-05
"332" 0 0 0 1.80816149730756e-06
"333" 0 0 0 3.49566372633836e-05
"334" 0.001 0.002 0.001 0.000268801770665905
"335" 0 0 0 7.19620252276343e-10
"336" 0 0 0 8.56474658972317e-08
"337" 0 0 0 0.000124533545980077
"338" 0.004 0.003 0.001 0.000640466055546463
"339" 0 0 0 0.000106454165691772
"340" 0.003 0.003 0.005 0.00168716342060227
"341" 0.003 0.003 0.001 0.00117264655611804
"342" 0 0 0 1.87434112675078e-09
"343" 0 0 0 1.40140773097208e-06
"344" 0 0.001 0 2.81761143307024e-05
"345" 0.001 0 0 0.0004211570534014
"346" 0 0 0.001 0.000360943067726827
"347" 0 0.001 0 0.000546719548578989
"348" 0 0 0 1.86103554788986e-09
"349" 0 0 0 3.45609495504551e-05
"350" 0 0 0 1.45547859101702e-05
"351" 0.004 0.004 0.001 0.00178405247088975
"352" 0 0 0 0.000108685178135781
"353" 0 0 0 0.00021162811312736
"354" 0.002 0 0.001 0.000720230885465911
"355" 0 0 0 3.76189940631821e-06
"356" 0 0.001 0 8.98258242643113e-05
"357" 0 0 0 1.41332329450794e-06
"358" 0 0 0 3.53468579858962e-05
"359" 0 0.002 0.001 0.000798616229812699
"360" 0.001 0 0 3.16669913891232e-05
"361" 0.001 0.004 0 0.000899999727591028
"362" 0.002 0.001 0 0.00034408618947035
"363" 0 0 0 1.74186269297216e-06
"364" 0.008 0.012 0.006 0.00817197517989476
"365" 0 0 0 7.40081362604617e-06
"366" 0 0 0 4.60359164677904e-07
"367" 0 0.001 0 5.54097272065235e-07
"368" 0 0 0.001 0.000199549689015921
"369" 0.001 0.001 0 4.67026172301654e-05
"370" 0 0 0 1.00189900942294e-06
"371" 0 0 0 1.33433072067035e-05
"372" 0.001 0 0 3.39686191196398e-05
"373" 0 0 0 2.77491969387089e-05
"374" 0.005 0.002 0 0.000502981168972072
"375" 0 0 0 6.2506539395546e-06
"376" 0 0 0 0.000105342105176764
"377" 0.002 0.001 0.001 0.000137127095137135
"378" 0 0 0 7.85486635579424e-06
"379" 0 0 0 6.96166457814229e-11
"380" 0 0.001 0 9.53849379732308e-05
"381" 0.004 0.003 0 0.000446527169116195
"382" 0 0 0 1.3528344296021e-05
"383" 0.002 0.001 0 0.000643847354713789
"384" 0 0 0 0.000455059985999595
"385" 0.002 0 0 0.000565751764268208
"386" 0 0 0 0.000103700028429188
"387" 0 0 0 9.12785042439523e-07
"388" 0.002 0.004 0.001 0.000833208228581461
"389" 0.002 0 0 1.51476117868921e-05
"390" 0.001 0 0 1.04848989209705e-05
"391" 0 0.005 0 0.000753367701539887
"392" 0.001 0.001 0 0.000209983083475751
"393" 0.003 0.001 0 0.000406261063280011
"394" 0.006 0.002 0.002 0.00340229574598849
"395" 0 0 0 5.08424213130354e-06
"396" 0 0 0 2.15310839231098e-05
"397" 0 0.001 0 8.03359786040181e-05
"398" 0.001 0.002 0.001 0.000310560905334878
"399" 0.001 0 0 7.82042578187925e-05
"400" 0 0 0 3.88961666286658e-06
"401" 0 0.001 0 6.04884939512385e-05
"402" 0 0.003 0 0.000274414158651037
"403" 0 0 0 4.60011239028502e-05
"404" 0 0.002 0.002 0.000252847575540782
"405" 0 0 0 2.07220979544509e-05
"406" 0 0 0 2.29081609237625e-09
"407" 0.006 0.007 0.001 0.0045825661642781
"408" 0 0 0 5.26351073837361e-10
"409" 0 0 0 3.68044255211197e-05
"410" 0.013 0.012 0.011 0.0101660388523083
"411" 0 0.001 0.001 0.000274022269837859
"412" 0.013 0.006 0.005 0.00728798912470408
"413" 0 0 0 1.48296111135426e-06
"414" 0.003 0 0 0.000547855294332766
"415" 0 0 0 5.2602415756553e-09
"416" 0 0 0 5.00204766495926e-10
"417" 0 0 0 2.77992420483208e-06
"418" 0 0 0 3.70967841009096e-05
"419" 0 0.002 0 0.000132140821435422
"420" 0 0 0 1.62269772063794e-07
"421" 0.004 0.001 0 0.000750494778564148
"422" 0 0 0 1.61992277036838e-07
"423" 0.016 0.016 0.016 0.0156673098870672
"424" 0 0 0 5.6925484080983e-06
"425" 0.001 0.001 0 0.000136059720254877
"426" 0.001 0 0.001 0.000259504458315907
"427" 0 0 0 4.21633479241734e-08
"428" 0.003 0 0 0.000854770051241016
"429" 0 0 0 3.94381952206757e-07
"430" 0 0 0 5.51724096063966e-05
"431" 0 0.001 0.002 0.000923761179322025
"432" 0.001 0.002 0 0.000233822891672619
"433" 0 0 0 5.60888096523549e-07
"434" 0 0 0 7.15445998222819e-07
"435" 0 0.004 0.001 0.000856203504341346
"436" 0 0 0 1.51950727333983e-07
"437" 0 0 0 9.29181113029642e-06
"438" 0.001 0 0 4.42721478228769e-05
"439" 0 0 0 1.4163627563013e-06
"440" 0 0.001 0 3.73159358746378e-07
"441" 0.001 0 0.001 4.42905521409465e-05
"442" 0.002 0.001 0 0.000963694281900018
"443" 0.002 0.005 0.001 0.0009385384750068
"444" 0.001 0 0.001 0.000440734558409317
"445" 0.001 0 0.001 8.57518837261706e-05
"446" 0 0 0 5.87034314381008e-07
"447" 0 0 0 6.71297715082453e-06
"448" 0 0.002 0 0.000484439265591607
"449" 0 0.001 0 4.79738973170329e-05
"450" 0 0.001 0.001 0.000597738521340707
"451" 0.001 0 0.001 8.5596155592671e-05
"452" 0.005 0.002 0 0.000944653067629142
"453" 0.008 0.01 0.009 0.00807845575060073
"454" 0 0 0 4.35169217427589e-06
"455" 0.005 0.003 0.002 0.0019595250933101
"456" 0 0.001 0.002 0.000603619939176903
"457" 0 0 0 4.67191469816219e-05
"458" 0.001 0 0 8.49144061743079e-05
"459" 0 0 0 2.45105441920579e-06
"460" 0.007 0.006 0.001 0.00288890729534719
"461" 0.002 0.003 0.002 0.00153278221552566
"462" 0.012 0.002 0.006 0.00190575748425714
"463" 0.015 0.025 0.017 0.0141384954268089
"464" 0 0 0 1.0047582665873e-07
"465" 0 0 0 1.85443443571076e-05
"466" 0 0 0 1.31734402164518e-07
"467" 0 0 0 3.48449942025875e-05
"468" 0 0 0.001 5.4994389407037e-05
"469" 0 0 0 1.71710601357677e-05
"470" 0 0 0 1.0192771193962e-05
"471" 0.001 0.002 0.001 0.000700076324442911
"472" 0.002 0.002 0.002 0.000326553975135813
"473" 0 0 0 1.02917251716406e-05
"474" 0 0 0.001 0.000168469368513002
"475" 0.003 0.005 0.003 0.00218129122392574
"476" 0 0.001 0.001 0.000426130759941357
"477" 0.002 0.001 0 0.000336975365716086
"478" 0 0 0 4.6551883185364e-05
"479" 0.001 0 0 0.00015041199569521
"480" 0.001 0.001 0.002 0.000602578924392971
"481" 0.004 0.002 0.003 0.000968122718455033
"482" 0 0 0 0.000107591585000844
"483" 0 0 0 1.14085086433402e-06
"484" 0.007 0.003 0 0.00272887383499099
"485" 0 0 0 9.40493834644673e-06
"486" 0 0.001 0 0.000119798781736513
"487" 0 0.001 0 0.000119208559823503
"488" 0 0 0 2.16236195960118e-06
"489" 0 0 0.001 0.000138883391147537
"490" 0 0 0 1.7430501486615e-14
"491" 0 0.001 0 0.00028420051486211
"492" 0 0.001 0 0.000289522908761719
"493" 0.002 0.003 0 0.00126334071116596
"494" 0 0 0 4.50485424463576e-06
"495" 0.006 0 0.001 0.000926526912583547
"496" 0.001 0 0 0.000142427548728175
"497" 0.003 0.002 0 0.000578050754810655
"498" 0 0 0 2.55612855615261e-05
"499" 0 0 0 8.95731825212298e-06
"500" 0 0 0 6.09683765362412e-07
"501" 0 0 0 2.37601153831868e-05
"502" 0 0 0 0.000243993269915976
"503" 0 0 0 3.98994946415598e-06
"504" 0.002 0 0.001 0.000256679717985708
"505" 0.001 0 0 3.34993819690599e-05
"506" 0 0 0 4.91992313333967e-06
"507" 0 0 0 5.79088212027123e-06
"508" 0.001 0.001 0 0.000328938794105227
"509" 0.002 0.001 0 0.000237874225976209
"510" 0.002 0 0 0.000147652217905136
"511" 0.001 0.002 0 0.000181514558471485
"512" 0.005 0.005 0.005 0.00148724087504393
"513" 0.005 0.003 0.002 0.00129394179400966
"514" 0.003 0.001 0 0.000428269555428296
"515" 0 0 0 3.36401147948973e-06
"516" 0 0 0.001 0.000294986934900043
"517" 0 0 0.001 9.81606945771318e-06
"518" 0 0 0 1.44276851379299e-05
"519" 0.003 0.002 0.001 0.00153001207872616
"520" 0 0 0 1.84986523876773e-08
"521" 0 0 0 1.36952387179701e-05
"522" 0 0 0 3.37200991573638e-08
"523" 0 0 0 3.17960656948113e-06
"524" 0.004 0.003 0 0.00103647224266157
"525" 0 0.001 0 0.000162711912058189
"526" 0.002 0.001 0.001 0.000101559076753466
"527" 0 0 0 5.2724738072607e-05
"528" 0.001 0.001 0 0.00102527704823197
"529" 0.004 0.005 0.002 0.000952979478800353
"530" 0.009 0.013 0.003 0.00665449433952281
"531" 0.009 0.003 0.003 0.00249148164123636
"532" 0 0 0 1.17086218498486e-08
"533" 0 0 0 6.37173513950984e-09
"534" 0.001 0 0 2.26372141451936e-05
"535" 0.001 0.002 0.001 0.000166021205613265
"536" 0 0 0 7.27758879826013e-08
"537" 0.004 0.003 0.001 0.00206590664907313
"538" 0 0 0 5.66646657651493e-05
"539" 0.001 0.001 0.002 0.00102909677055785
"540" 0.001 0.003 0 0.000408118896101484
"541" 0 0 0 7.60586974513089e-08
"542" 0 0 0 1.17297738189137e-07
"543" 0 0 0 9.50000707478083e-06
"544" 0.001 0 0 0.000175952204529373
"545" 0 0.001 0 8.38240374334553e-07
"546" 0 0 0.001 0.000266872172994037
"547" 0 0 0 1.92894675676847e-07
"548" 0 0 0 3.6074132074293e-05
"549" 0 0 0 1.99089958268228e-05
"550" 0.001 0 0 0.000256258773406737
"551" 0 0 0 1.475946137941e-05
"552" 0.003 0.003 0 0.00113899505571213
"553" 0.004 0.009 0.006 0.0045172649130184
"554" 0.002 0 0.002 0.000598587830321406
"555" 0 0 0 1.66691995762136e-08
"556" 0 0.004 0.001 0.000503690388081401
"557" 0 0 0 1.1844057555388e-05
"558" 0.014 0.011 0.013 0.0125312635581605
"559" 0 0 0 1.79446690584673e-06
"560" 0 0 0 2.59187188489385e-07
"561" 0 0 0 1.34574198608073e-05
"562" 0 0.001 0.001 0.000245756655524287
"563" 0.012 0.003 0.002 0.00233987381421685
"564" 0 0 0 4.94287166904472e-05
"565" 0 0 0 1.47043608278441e-06
"566" 0 0.001 0 0.000107425442471998
"567" 0 0 0 7.43090866328622e-06
"568" 0.003 0.002 0 0.00108000959197974
"569" 0 0.002 0.001 0.00036579503182177
"570" 0 0.001 0 0.000113991065950225
"571" 0 0 0 3.04104133763694e-07
"572" 0 0 0 1.86487837805505e-06
"573" 0.001 0 0 0.000192760338553311
"574" 0.001 0 0.001 0.000165447379756989
"575" 0 0 0 0.000106416387601005
"576" 0.001 0.001 0.001 0.000471227400960617
"577" 0 0 0 2.2697961511442e-06
"578" 0 0.002 0.001 0.000450642827553693
"579" 0 0 0 4.54109195323626e-05
"580" 0 0 0 3.15415278340225e-08
"581" 0.003 0.001 0 0.000147842794707698
"582" 0.002 0 0 0.000195622251433214
"583" 0.002 0.001 0 0.000391597340271388
"584" 0.001 0 0 2.45723250444918e-05
"585" 0 0.002 0 0.000107306324741985
"586" 0 0 0 2.34424013534351e-09
"587" 0.003 0.01 0.008 0.00457999362637673
"588" 0 0 0 1.9800477879528e-06
"589" 0.002 0 0.001 0.000413409742809123
"590" 0 0.001 0 5.10367999242423e-05
"591" 0 0 0 3.26919735660347e-06
"592" 0.002 0.001 0 0.000796775512777681
"593" 0.001 0.001 0 7.16572448152819e-05
"594" 0 0 0 2.82171269172515e-06
"595" 0 0 0 2.22513016534531e-06
"596" 0.002 0.002 0.001 0.00267327050926625
"597" 0.001 0 0 0.000165609860302673
"598" 0.001 0 0 0.000248034338693137
"599" 0 0 0 1.33625207549004e-05
"600" 0.005 0.002 0.009 0.00516440668620111
"601" 0 0 0 1.40116179769834e-08
"602" 0 0 0 2.19490092767671e-10
"603" 0.002 0.002 0.001 0.00107630325322061
"604" 0 0.001 0 1.30878043822502e-05
"605" 0 0 0 5.07638452225123e-05
"606" 0.002 0.002 0.001 0.00178857207386529
"607" 0.001 0.001 0 0.000241705062425046
"608" 0 0.001 0 0.0001943586474763
"609" 0 0 0 3.58979666048587e-06
"610" 0.004 0.011 0.007 0.00228346776554567
"611" 0.011 0.005 0.004 0.0043981742203596
"612" 0.012 0.002 0.012 0.0111155234494632
"613" 0.002 0 0.001 0.00228752758420658
"614" 0 0 0 2.19911628240865e-07
"615" 0 0 0 3.89865417727009e-09
"616" 0 0 0 1.18787278678978e-05
"617" 0 0 0 0.000154973401498837
"618" 0 0 0 1.67889596103254e-06
"619" 0 0 0 1.31070844571202e-05
"620" 0 0 0 1.23347910818694e-06
"621" 0 0 0 5.88421128477901e-06
"622" 0.002 0.003 0.003 0.000605957108497535
"623" 0.001 0.001 0.001 0.000280565738429606
"624" 0 0 0 9.93442152918966e-06
"625" 0.007 0.009 0.003 0.00486350916988221
"626" 0 0 0 1.2994788801679e-06
"627" 0.001 0.001 0.002 0.000365263544236161
"628" 0.005 0.002 0 0.000369414615282504
"629" 0 0 0 2.34804293564039e-07
"630" 0 0 0 2.46211692711551e-06
"631" 0.001 0 0 0.000212864366440857
"632" 0.003 0 0.001 0.00155350365482032
"633" 0 0 0 4.21659571793187e-05
"634" 0.004 0.001 0 0.00026681301644782
"635" 0 0 0 7.53452483381878e-05
"636" 0 0 0 9.44864630980646e-10
"637" 0 0.001 0 6.28303008685105e-05
"638" 0.003 0.01 0.006 0.00290381835263576
"639" 0 0.001 0.002 0.000148249048658844
"640" 0 0 0 9.63624545713415e-08
"641" 0.006 0.003 0.002 0.00158602953790665
"642" 0 0 0 4.5857137807026e-06
"643" 0.001 0 0 3.89375123869273e-05
"644" 0.004 0.003 0.002 0.00151769250968259
"645" 0.001 0 0 0.000107347087797027
"646" 0 0 0 3.28838574170653e-06
"647" 0.001 0.002 0.001 0.000432239643438082
"648" 0 0 0 8.6418103373509e-05
"649" 0.003 0.001 0.003 0.00181982414351078
"650" 0 0 0 6.69476808323743e-07
"651" 0 0 0 7.24076366777071e-05
"652" 0 0 0 2.15878791509638e-08
"653" 0 0 0 2.3815944316663e-06
"654" 0.006 0.004 0.005 0.00337553865701734
"655" 0.003 0 0.001 0.000312477961351809
"656" 0.013 0.005 0.002 0.00367105334701778
"657" 0 0 0.002 8.94974632092982e-05
"658" 0 0 0 5.4683858725646e-06
"659" 0.001 0.001 0 0.00063604439098941
"660" 0.001 0.003 0.001 0.000878716081309738
"661" 0 0 0 3.09237305540222e-07
"662" 0.003 0 0.001 0.000987141112400169
"663" 0 0 0 4.07904335752995e-07
"664" 0 0 0 7.26242428261692e-06
"665" 0 0 0 3.28743155497691e-06
"666" 0.001 0.001 0 3.98765679145985e-05
"667" 0.001 0 0 5.18736450628721e-05
"668" 0.006 0.001 0.001 0.0016057606382136
"669" 0.007 0.001 0.002 0.00159955553341296
"670" 0 0 0 7.08263784288121e-08
"671" 0 0 0 1.02257624096103e-05
"672" 0.001 0 0.002 0.000606999575253564
"673" 0.003 0.002 0.001 0.000981004613351377
"674" 0 0 0 2.42653899139578e-05
"675" 0.002 0.004 0.001 0.00156309681152578
"676" 0 0 0 1.35882669560772e-08
"677" 0.006 0.007 0.004 0.00483887273241124
"678" 0.003 0.003 0 0.00069915756487593
"679" 0.001 0.002 0 0.000593508971407308
"680" 0 0.001 0 4.73995326000232e-06
"681" 0 0 0 5.49116113801595e-07
"682" 0.002 0.002 0 0.00160001020836753
"683" 0.004 0.007 0.005 0.00234261023968851
"684" 0.005 0 0 0.000565193649423312
"685" 0 0 0 2.74721801613032e-05
"686" 0 0 0 1.07967881146642e-05
"687" 0 0.003 0 0.000288947716383214
"688" 0 0 0 3.86786683570506e-06
"689" 0.005 0.005 0.005 0.0053567166649231
"690" 0 0 0 4.61706025256525e-06
"691" 0.014 0.009 0.013 0.00867083994547524
"692" 0 0 0 1.39684468252188e-05
"693" 0.002 0 0.001 0.00018255536835976
"694" 0.002 0 0 0.000149260311474886
"695" 0 0 0 4.99859137824687e-05
"696" 0 0.001 0 0.000123304484115128
"697" 0 0.001 0 4.38074521765808e-05
"698" 0.001 0 0 3.48376385067573e-05
"699" 0.009 0.017 0.004 0.0063925056508366
"700" 0.004 0.001 0.003 0.00142070625955459
"701" 0.002 0.003 0 0.000621968315991039
"702" 0.003 0.001 0 0.000785172609313878
"703" 0.001 0.001 0 3.11860788909657e-05
"704" 0 0 0 0.000154826469345948
"705" 0.003 0 0 0.000161110614299353
"706" 0 0 0 1.27295376606273e-06
"707" 0 0 0 2.0371935249841e-09
"708" 0 0.001 0 0.000232757484595947
"709" 0.003 0.001 0 0.00053298347435593
"710" 0.007 0.004 0.002 0.00227226011047788
"711" 0 0.001 0 8.93043260563608e-07
"712" 0.001 0.002 0 0.000654438592313622
"713" 0.001 0 0 2.62889264479593e-06
"714" 0.001 0 0 0.000278121374918783
"715" 0 0 0 3.53747888093281e-07
"716" 0 0 0 1.64884912861041e-05
"717" 0.001 0 0 0.000200333335866332
"718" 0.002 0 0 0.000449470115789996
"719" 0 0 0 6.15096831765305e-05
"720" 0.001 0.002 0 4.10102807942847e-05
"721" 0 0.001 0 5.7407731240966e-06
"722" 0 0 0 1.17449737727648e-05
"723" 0 0 0 9.46717591565616e-06
"724" 0.002 0.001 0 0.00137594607979119
"725" 0 0 0 6.3886189560769e-07
"726" 0.006 0.01 0.001 0.00267448508498458
"727" 0 0 0 1.00534873416214e-05
"728" 0 0 0.001 2.17228083418952e-05
"729" 0 0 0 5.61139147281509e-06
"730" 0.001 0.001 0.001 0.000276155461951366
"731" 0 0 0 5.93554147443331e-06
"732" 0.001 0 0.001 2.62912728465903e-06
"733" 0 0.001 0 0.000145655771522368
"734" 0 0 0 1.69404695826714e-08
"735" 0 0 0 5.24626985365373e-06
"736" 0 0 0 5.3180549579257e-05
"737" 0 0 0 7.30611120393077e-05
"738" 0 0 0 0.00045023928670207
"739" 0 0 0 4.40808506918522e-07
"740" 0 0 0 1.51283847449335e-07
"741" 0 0 0 9.11299461892057e-07
"742" 0 0 0 1.73698874567085e-05
"743" 0 0 0 0.000237383471557218
"744" 0.001 0 0 1.88004556849197e-05
"745" 0 0.001 0 8.36538625083039e-05
"746" 0 0.001 0 4.77072632786291e-05
"747" 0.002 0 0.001 0.000469358577590451
"748" 0 0 0 4.21324709080073e-05
"749" 0.002 0.003 0.002 0.000369611201844422
"750" 0 0 0 1.67637823966782e-06
"751" 0 0 0 4.65128395799042e-08
"752" 0.001 0 0 3.0578199465281e-05
"753" 0 0 0 1.32908452418201e-05
"754" 0 0 0 3.45244461408267e-05
"755" 0.002 0.005 0.003 0.00255445998910819
"756" 0 0 0 6.51605461698956e-06
"757" 0 0 0 6.97336364103851e-05
"758" 0 0.001 0 4.92746673916855e-05
"759" 0 0 0 1.35311518323356e-07
"760" 0 0 0 9.6115123882079e-07
"761" 0.001 0 0 9.16254160413521e-05
"762" 0.003 0.002 0 0.00145589088774012
"763" 0.002 0.002 0.001 0.000638035613149124
"764" 0.002 0 0.002 0.000209890133042512
"765" 0.003 0.004 0.005 0.0010216198124664
"766" 0 0 0 4.62519422517182e-06
"767" 0 0 0 3.95793483718432e-05
"768" 0 0 0 1.40902541384547e-05
"769" 0.002 0 0 0.000421101896161846
"770" 0.004 0.002 0 0.000313913372419039
"771" 0 0 0 7.11039105294464e-06
"772" 0 0 0 8.62988396466147e-06
"773" 0.002 0.005 0 0.000577155064812263
"774" 0.007 0.008 0.009 0.00838860028466426
"775" 0.005 0.001 0 0.000450573182912528
"776" 0.002 0 0.001 0.000636771891070476
"777" 0.001 0.002 0 0.000190453774283728
"778" 0 0 0 7.04032007137201e-08
"779" 0 0 0 1.11022302462516e-16
"780" 0 0 0 1.26845311231305e-05
"781" 0 0 0 8.00336780304445e-06
"782" 0 0 0 4.21841672704204e-10
"783" 0.001 0.002 0.001 0.000649161350497085
"784" 0.001 0.001 0.001 0.000366152348724724
"785" 0 0 0 3.26984015974752e-07
"786" 0 0.001 0.001 6.62968509586026e-05
"787" 0 0.001 0 2.81588267814215e-07
"788" 0 0 0 3.75255382323303e-12
"789" 0.001 0.004 0.002 0.00263585899328722
"790" 0 0 0 1.75902632848501e-06
"791" 0 0 0 0.000228711959193384
"792" 0.003 0.008 0.004 0.00223009347748615
"793" 0 0 0 0.000626934938620649
"794" 0 0 0 7.25069708273907e-07
"795" 0 0 0 1.71062583653736e-07
"796" 0.003 0 0 0.0005916369971668
"797" 0.004 0.003 0.004 0.00354030479602574
"798" 0 0.001 0 2.32449580912508e-05
"799" 0 0.002 0 9.52919679509945e-05
"800" 0 0 0 2.20044802409225e-05
"801" 0.006 0.002 0.002 0.00393272563240044
"802" 0.001 0.005 0.003 0.00184045949225176
"803" 0 0 0.001 0.000233992317817178
"804" 0 0 0 5.1571440070286e-05
"805" 0.001 0.001 0 0.000525470149189911
"806" 0.002 0 0 0.000154145201941902
"807" 0.005 0.001 0 0.000946660201554539
"808" 0 0 0 3.42830560429164e-06
"809" 0.001 0 0 8.55334078198045e-06
"810" 0 0 0 9.69338275202958e-07
"811" 0.003 0.002 0.001 0.0010276982942774
"812" 0 0.002 0.002 0.000308833380026741
"813" 0 0 0 5.23879777980518e-06
"814" 0.003 0.003 0.002 0.000871381774030122
"815" 0 0 0 6.93556231234904e-06
"816" 0.001 0.001 0 0.000195256481867245
"817" 0.001 0 0.002 0.000301878828637969
"818" 0 0 0 1.83761681094019e-07
"819" 0 0 0 4.48322741170015e-05
"820" 0 0.001 0 0.000212822847932115
"821" 0.002 0.002 0.003 0.000630557841778345
"822" 0 0 0 1.09931468761371e-06
"823" 0 0.001 0 7.7079691757409e-05
"824" 0 0 0 7.29279152532625e-05
"825" 0 0 0 3.70056330578628e-07
"826" 0.001 0.004 0.002 0.00192078126344175
"827" 0 0.001 0 8.43459685884174e-06
"828" 0.003 0.001 0 0.000156714622373988
"829" 0.008 0.01 0.007 0.0019722075030707
"830" 0 0 0.001 0.000202324593807091
"831" 0 0 0 6.68678236337428e-07
"832" 0 0 0 1.34672667573277e-07
"833" 0.002 0.002 0.001 0.000738306758179985
"834" 0 0.001 0 0.000190142997723908
"835" 0.001 0.001 0 0.000262247571931495
"836" 0 0 0 5.78838836975404e-05
"837" 0 0.001 0 2.68589728993351e-05
"838" 0.005 0.003 0.001 0.00134577910198286
"839" 0 0 0 2.44748194155875e-06
"840" 0 0.003 0 0.00034835943089917
"841" 0.001 0 0 0.000267951821463552
"842" 0 0 0 2.32338090898621e-05
"843" 0 0 0 3.8168363425517e-05
"844" 0 0 0 1.68008674128473e-06
"845" 0 0.001 0.001 0.000143085220313921
"846" 0 0 0 2.07909145455432e-09
"847" 0.001 0.001 0 0.000181745442634162
"848" 0 0 0 4.82101807001145e-05
"849" 0.004 0.003 0 0.00116615999085012
"850" 0 0 0 2.36672518442171e-05
"851" 0.002 0.004 0.002 0.000493177059222472
"852" 0 0 0 4.9371762229633e-06
"853" 0 0 0 1.4234505778532e-06
"854" 0 0 0 0.000139476982603526
"855" 0 0.003 0 0.000220328422439242
"856" 0 0 0 3.85610177122686e-09
"857" 0.005 0.004 0 0.001233205130443
"858" 0 0 0 7.37797197891688e-07
"859" 0 0.001 0 1.01223313663246e-05
"860" 0 0 0 1.28061143953584e-05
"861" 0 0 0 2.54279959643888e-07
"862" 0 0 0 5.45984924160692e-07
"863" 0.002 0.001 0 3.56533490140087e-05
"864" 0 0.003 0 8.04881199144569e-05
"865" 0.001 0 0 0.000248684195010451
"866" 0.001 0.002 0.001 0.00110542402188751
"867" 0.002 0.001 0 0.000269270053047554
"868" 0 0.002 0 0.000130698254958483
"869" 0.001 0.001 0.001 0.000511908238025383
"870" 0 0 0 0.000116211007091471
"871" 0.006 0.011 0.003 0.00534294365582844
"872" 0 0.001 0 2.31903673353351e-05
"873" 0.003 0.001 0.001 0.000656736019777782
"874" 0.001 0 0 0.000133287826660222
"875" 0.001 0.001 0 0.000160740693142425
"876" 0 0.003 0 0.000269560098253518
"877" 0.008 0.013 0.006 0.00585107761712922
"878" 0.003 0.002 0.005 0.00237068648704242
"879" 0.001 0 0 2.89538956196322e-05
"880" 0 0 0 2.57137037928956e-06
"881" 0.002 0 0 0.00035577975061174
"882" 0.001 0 0.001 7.94387260469875e-05
"883" 0.011 0.008 0.002 0.00468985893897989
"884" 0.003 0.005 0.001 0.00170682982164538
"885" 0.004 0.002 0.002 0.00228137179108256
"886" 0 0 0.001 3.20703462490801e-05
"887" 0 0 0 9.48820681516693e-05
"888" 0.003 0.003 0.001 0.00159265174955214
"889" 0 0 0 0.000101194291967088
"890" 0.009 0.003 0.001 0.00427050312189248
"891" 0 0.001 0 1.62616583112563e-05
"892" 0.001 0.006 0.002 0.00164328029872252
"893" 0 0 0 3.14363011177932e-08
"894" 0 0 0 7.09030643664121e-05
"895" 0.001 0.001 0 6.01640524365843e-05
"896" 0 0.001 0 0.000431715227848906
"897" 0.003 0.006 0.004 0.00271387816909097
"898" 0.003 0.001 0.003 0.000767246722985893
"899" 0.004 0.001 0.001 0.00044854138896433
"900" 0.002 0.004 0 0.000487594878517128
"901" 0 0.001 0 0.000568489699759089
"902" 0 0 0 1.21652829019325e-05
"903" 0 0 0 8.13815681510732e-12
"904" 0.001 0 0.003 0.000681089826851444
"905" 0 0 0 6.68257631860625e-05
"906" 0 0 0 4.62507754372954e-06
"907" 0 0.002 0 0.00016746621139796
"908" 0 0.001 0 1.27531938846071e-05
"909" 0.01 0.007 0 0.00349609185106659
"910" 0.001 0 0 0.000198220708994001
"911" 0 0 0 5.9132108407578e-06
"912" 0 0 0 1.33873439667198e-07
"913" 0 0 0 3.07256908027576e-07
"914" 0 0 0 5.70072935524024e-07
"915" 0 0 0 0.000273097414269285
"916" 0.011 0.006 0.007 0.00541852947649235
"917" 0.006 0.001 0 0.000704760427038043
"918" 0 0.001 0 0.000133776066327695
"919" 0.001 0.001 0.001 0.000600919862498883
"920" 0.002 0 0.002 0.000131768513206287
"921" 0 0 0 5.7230262107133e-07
"922" 0.001 0.001 0 0.000177911933761821
"923" 0 0 0 1.14524479644107e-06
"924" 0.003 0.002 0.001 0.00113983784598248
"925" 0 0 0 2.6946418253071e-05
"926" 0 0 0 1.41492366713125e-05
"927" 0.001 0.002 0 0.000335396196395554
"928" 0 0 0 3.89210323525901e-06
"929" 0 0 0 3.80727873783293e-07
"930" 0 0 0.001 1.23120078105998e-05
"931" 0.006 0.002 0.002 0.00132536322131183
"932" 0.002 0 0 0.000163434075676316
"933" 0 0 0 3.56575292737027e-07
"934" 0.003 0.001 0 0.000268638810042465
"935" 0.005 0.005 0.006 0.00381506058020253
"936" 0.002 0.002 0.001 0.00073052598072687
"937" 0.001 0.005 0.001 0.000658681426552565
"938" 0 0 0 1.77920461077452e-05
"939" 0 0 0.001 0.000251554103275153
"940" 0 0 0 1.32341841748707e-05
"941" 0 0.001 0 0.000255930383098346
"942" 0 0 0 2.63741538554241e-05
"943" 0 0 0 7.4791012405484e-07
"944" 0.003 0.003 0.005 0.000978200176311561
"945" 0.001 0 0.001 0.00036440364212631
"946" 0 0 0 1.88022764024964e-09
"947" 0.001 0.001 0 0.000545599336730818
"948" 0.001 0.009 0.005 0.00166667949337473
"949" 0 0 0 8.60220153597879e-06
"950" 0 0 0 1.01605570623775e-08
"951" 0.006 0.003 0 0.00212595070319588
"952" 0.002 0.002 0.002 0.0011897490013435
"953" 0.001 0.001 0.001 0.00025966364928709
"954" 0.001 0.001 0.001 0.000541564870317535
"955" 0 0 0 9.07805171777021e-05
"956" 0 0.005 0.002 0.0026071181883387
"957" 0 0 0 1.62166061573599e-05
"958" 0.003 0.004 0.004 0.00174770561497473
"959" 0.004 0.001 0.002 0.00195659685352245
"960" 0.008 0.008 0.003 0.0053081735121987
"961" 0.008 0.003 0.005 0.00454173039555283
"962" 0 0.001 0 0.000102547763781935
"963" 0.003 0.004 0.001 0.00259245138670039
"964" 0 0 0 8.84164185976921e-07
"965" 0 0 0 2.83659048836427e-05
"966" 0.007 0.008 0.006 0.00507365487240474
"967" 0 0 0 6.30102847332115e-06
"968" 0.003 0.002 0.006 0.0017029427187506
"969" 0.001 0 0 4.10510714494716e-05
"970" 0.009 0.01 0.003 0.00365326997924054
"971" 0 0 0 4.36657988567291e-06
"972" 0 0 0 5.13108198904044e-05
"973" 0 0 0 4.34991371567328e-06
"974" 0.001 0.002 0 0.000998977175865945
"975" 0 0.001 0 0.000383435991660019
"976" 0.002 0 0 6.35392813858049e-05
"977" 0 0 0 8.92527032281265e-07
"978" 0.001 0 0 0.000146112254786113
"979" 0 0.001 0.001 4.16142365127214e-05
"980" 0.001 0.002 0 0.000371406238397376
"981" 0 0.001 0 5.09933676295926e-06
"982" 0 0 0 1.21896844045288e-05
"983" 0.001 0 0 8.56441493718441e-05
"984" 0 0 0 1.38018366180326e-07
"985" 0 0 0 3.5274754950354e-07
"986" 0 0 0 4.27566379745947e-07
"987" 0 0 0 1.69039935593585e-06
"988" 0.001 0.001 0 0.00023138626152952
"989" 0.001 0.003 0.003 0.00123840671899489
"990" 0.001 0 0 2.17159784061671e-05
"991" 0 0 0 4.65770688684586e-09
"992" 0.001 0 0 2.97020222261857e-05
"993" 0.001 0.002 0.001 0.000124377748377147
"994" 0 0 0 1.92816125543782e-06
"995" 0.002 0 0 0.000269340372902493
"996" 0.008 0.009 0.005 0.00480587465754578
"997" 0 0 0 2.70604874064162e-07
"998" 0 0 0 2.00981782327858e-08
"999" 0 0 0 2.61633628195757e-06
"1000" 0.015 0.008 0.008 0.00994688257922094
