"A" "B" "P" "BT"
"1" 0.145 0.16 0.146 0.182928932844883
"2" 0.004 0.001 0.001 0.00101003222173313
"3" 0.001 0 0.002 4.01834383970678e-05
"4" 0.034 0.045 0.034 0.0306596135980153
"5" 0.105 0.123 0.115 0.117229406734843
"6" 0.001 0.001 0 0.000516903762012411
"7" 0.191 0.184 0.202 0.216236477100646
"8" 0.011 0.003 0.011 0.00756062044086658
"9" 0.036 0.038 0.037 0.0333644168090669
"10" 0.08 0.087 0.082 0.0872869292721361
"11" 0 0 0 6.83231824438746e-06
"12" 0.025 0.029 0.033 0.0272948256331551
"13" 0 0 0 4.59451280121481e-05
"14" 0.001 0 0.001 4.32162959049798e-05
"15" 0.144 0.142 0.146 0.15670411525744
"16" 0.104 0.111 0.119 0.111557411113566
"17" 0.009 0.013 0.017 0.00751319551657526
"18" 0 0 0 1.3918179875172e-05
"19" 0 0 0 9.86826802384932e-07
"20" 0.001 0.004 0.004 0.000720689460072754
"21" 0.005 0.006 0.005 0.00131109090315618
"22" 0 0 0.001 5.78319678334882e-06
"23" 0 0.002 0 0.000488193312673357
"24" 0 0 0.001 5.17422846445514e-05
"25" 0.553 0.572 0.564 0.559608386373842
"26" 0.002 0.001 0.006 0.00164710832515025
"27" 0 0 0.001 0.000100256825292799
"28" 0 0 0 2.5715959434125e-06
"29" 0.005 0.005 0.005 0.00277989107926113
"30" 0 0 0 1.01552535303195e-06
"31" 0 0 0 7.38917465659128e-07
"32" 0.152 0.158 0.125 0.181421497119913
"33" 0.03 0.033 0.035 0.0300123411020253
"34" 0.006 0.007 0.005 0.00238787878884694
"35" 0 0 0 4.2392755972287e-10
"36" 0.069 0.052 0.065 0.0557851266287661
"37" 0.052 0.055 0.071 0.0497138759289456
"38" 0.376 0.388 0.406 0.423013471031994
"39" 0 0 0 7.21701659308627e-05
"40" 0.001 0.008 0.005 0.00633452081200259
"41" 0.012 0.023 0.028 0.0158119878222522
"42" 0.008 0.002 0.004 0.00267021867863249
"43" 0.003 0.002 0.005 0.0018779182176093
"44" 0 0 0 4.70566763777214e-07
"45" 0.052 0.04 0.059 0.0515328998467379
"46" 0.016 0.007 0.013 0.00837444109030749
"47" 0 0 0 2.23813369837345e-07
"48" 0 0 0 3.91195050775117e-06
"49" 0 0 0.003 0.000765811753473011
"50" 0.004 0.004 0.007 0.00346473524802615
"51" 0.36 0.385 0.371 0.405376958197273
"52" 0.004 0 0.001 0.000548618605025197
"53" 0.066 0.055 0.062 0.0586788316735912
"54" 0.061 0.052 0.065 0.069969714961296
"55" 0.004 0.001 0.008 0.00206239395806085
"56" 0.101 0.093 0.073 0.0944369820520745
"57" 0.002 0.007 0.001 0.00222930682223443
"58" 0.001 0 0.001 6.95035580788872e-05
"59" 0.088 0.087 0.105 0.110253336895258
"60" 0.036 0.042 0.027 0.030755427277396
"61" 0.263 0.249 0.241 0.270784344044645
"62" 0.081 0.07 0.077 0.0726544553451557
"63" 0.003 0.002 0.009 0.00104755554354408
"64" 0.022 0.033 0.027 0.0225031911026773
"65" 0.003 0 0 7.9185655755043e-05
"66" 0.006 0.005 0.005 0.0034765198784128
"67" 0.483 0.507 0.523 0.521484796048375
"68" 0.004 0.003 0.002 0.000640467391180288
"69" 0.104 0.107 0.1 0.117352114233422
"70" 0.001 0 0.006 0.000410471900306297
"71" 0.028 0.026 0.039 0.0288554176718258
"72" 0.031 0.034 0.039 0.0316292055912343
"73" 0.002 0.002 0.003 0.00155075456776232
"74" 0.01 0.008 0.005 0.00594410167721793
"75" 0.002 0 0.002 0.000431042595816278
"76" 0 0.001 0 1.65471144759621e-05
"77" 0.236 0.251 0.246 0.273787982334426
"78" 0.003 0.003 0.004 0.00112251970370647
"79" 0.025 0.02 0.027 0.0185429897672991
"80" 0.173 0.164 0.182 0.20182937773496
"81" 0 0.001 0.002 0.000798803761131839
"82" 0.24 0.275 0.233 0.298231754391721
"83" 0 0 0 4.05814002741867e-05
"84" 0.002 0.003 0.003 0.000442784625596992
"85" 0.011 0.012 0.015 0.00841460798320459
"86" 0.107 0.111 0.13 0.147054680813627
"87" 0 0.002 0.002 0.000298742188142853
"88" 0.03 0.036 0.017 0.022674431811429
"89" 0.003 0.001 0.006 0.000542942141376068
"90" 0.017 0.027 0.017 0.011889126422682
"91" 0.043 0.038 0.036 0.0383714733544264
"92" 0 0 0 3.26849712650734e-06
"93" 0 0 0 1.30537765107297e-05
"94" 0 0 0 1.8279454616632e-09
"95" 0.009 0.007 0.011 0.00418699477107609
"96" 0 0 0 2.02770945811892e-07
"97" 0.043 0.041 0.057 0.0359198468015759
"98" 0.003 0.009 0.004 0.00422831981935801
"99" 0.001 0.004 0.001 0.000280376461441412
"100" 0.001 0.001 0.001 0.000103686427688432
"101" 0.005 0.006 0.01 0.00415979055928961
"102" 0.054 0.051 0.058 0.0557778716941481
"103" 0 0 0 6.25626050965167e-09
"104" 0.196 0.178 0.182 0.193934472559906
"105" 0.006 0.005 0.003 0.00246092015818122
"106" 0 0 0 8.79421380162171e-09
"107" 0 0.002 0.001 0.000646215762113433
"108" 0.005 0.009 0.009 0.00484372376307796
"109" 0.013 0.008 0.02 0.0087236285871588
"110" 0.064 0.049 0.052 0.058311963626595
"111" 0.01 0.007 0.009 0.00334154165965395
"112" 0.001 0 0.002 0.000212482956920779
"113" 0.017 0.012 0.019 0.0138679195681145
"114" 0.11 0.106 0.096 0.116777356361139
"115" 0.006 0.005 0.004 0.00168194160183943
"116" 0 0 0 2.00509744774369e-06
"117" 0.001 0 0.001 0.00020227612876822
"118" 0.008 0.012 0.01 0.0075092611868961
"119" 0.035 0.032 0.04 0.0288245237680564
"120" 0.104 0.093 0.107 0.11316936999767
"121" 0 0 0 7.37521155258491e-13
"122" 0.025 0.028 0.027 0.0195071917984442
"123" 0 0 0.001 5.01921602179545e-05
"124" 0.001 0.005 0.006 0.00101357699759463
"125" 0 0 0 1.75583667161305e-07
"126" 0.001 0.003 0.006 0.000375870884977703
"127" 0.002 0 0.004 0.000225256238606142
"128" 0.042 0.041 0.042 0.0447349770858626
"129" 0.006 0.005 0.009 0.00516924780354733
"130" 0.001 0.002 0.001 0.000175315767279138
"131" 0.001 0.001 0.002 0.000694370735600303
"132" 0 0 0 6.58148084364818e-07
"133" 0 0.001 0 0.000820459534405238
"134" 0.038 0.021 0.039 0.0312147864718522
"135" 0.001 0 0.001 0.000139546546352953
"136" 0 0 0 2.10047708968375e-05
"137" 0 0 0 0
"138" 0.025 0.018 0.02 0.0204452182975332
"139" 0.575 0.608 0.598 0.600254807957926
"140" 0 0 0 4.97447616432112e-09
"141" 0 0 0 3.75980176409163e-05
"142" 0.003 0.002 0.006 0.00186175787906351
"143" 0 0 0 6.2772309572523e-09
"144" 0.006 0.01 0.016 0.00471640359883352
"145" 0.083 0.081 0.075 0.0924906567288091
"146" 0.477 0.474 0.468 0.500847801579848
"147" 0.002 0 0.002 0.00020378309968716
"148" 0.006 0.015 0.005 0.00473251734979563
"149" 0 0.001 0.001 7.9386944294435e-05
"150" 0 0 0.001 0.000193321236877764
"151" 0.023 0.029 0.032 0.0301724167256019
"152" 0.013 0.01 0.02 0.0102774636983074
"153" 0.012 0.007 0.009 0.00534943437764501
"154" 0.314 0.329 0.325 0.354120793083057
"155" 0 0 0 3.50175662644503e-06
"156" 0.017 0.01 0.014 0.00906830951275039
"157" 0 0.003 0 0.000648790603868465
"158" 0 0 0 6.44674279431934e-05
"159" 0.008 0.011 0.009 0.00681653395124704
"160" 0.011 0.007 0.008 0.00485284268064723
"161" 0 0 0.001 5.00800967584425e-07
"162" 0.014 0.014 0.019 0.0160395180745853
"163" 0.01 0.007 0.004 0.00190344243046792
"164" 0.047 0.05 0.038 0.0401377738012026
"165" 0.03 0.048 0.04 0.0331395013325037
"166" 0.021 0.02 0.016 0.0161231675991697
"167" 0.133 0.128 0.139 0.141197592834046
"168" 0.162 0.17 0.152 0.176071551126424
"169" 0.004 0.004 0.002 0.00125345620178774
"170" 0.02 0.018 0.01 0.00971310878907095
"171" 0.001 0.002 0.001 0.00134172933299892
"172" 0.147 0.139 0.154 0.164317617996634
"173" 0 0.001 0.002 0.000214088681386282
"174" 0 0.002 0.001 0.000186334254354659
"175" 0.011 0.004 0.008 0.00391139129056972
"176" 0.177 0.159 0.189 0.187530060039602
"177" 0 0.002 0.005 0.000712408629287897
"178" 0.014 0.009 0.011 0.00758390499647443
"179" 0 0.002 0 0.000115982776765944
"180" 0.116 0.122 0.099 0.114158618841976
"181" 0.004 0.004 0.003 0.00161055548386813
"182" 0.079 0.089 0.098 0.0927409958499557
"183" 0 0 0 1.07347453148776e-09
"184" 0.002 0 0.001 0.000165932560564519
"185" 0.016 0.014 0.02 0.0105623852118253
"186" 0.248 0.256 0.264 0.277468910323837
"187" 0.001 0.001 0.001 5.24392609526636e-05
"188" 0.026 0.027 0.026 0.0235889424369652
"189" 0.001 0.002 0.003 0.000835189062687425
"190" 0.001 0.001 0.004 0.00073238004125209
"191" 0.068 0.079 0.055 0.0748036105440059
"192" 0.08 0.093 0.072 0.0782671393232909
"193" 0.015 0.016 0.017 0.0117635138675596
"194" 0.077 0.072 0.081 0.0777003827970566
"195" 0 0 0.003 0.000628998155662086
"196" 0.018 0.011 0.022 0.0100698087149692
"197" 0.015 0.019 0.014 0.0094510879236348
"198" 0 0 0.002 1.54728047403463e-05
"199" 0.001 0 0 1.31513697587682e-05
"200" 0.079 0.092 0.077 0.0873725986228795
"201" 0.027 0.035 0.03 0.0277090839945229
"202" 0.018 0.02 0.026 0.0148895419639704
"203" 0.061 0.063 0.043 0.0663821519059697
"204" 0.003 0.007 0.008 0.00137895366339802
"205" 0.005 0.007 0.003 0.00255466895727419
"206" 0.004 0.006 0.004 0.00229650702188366
"207" 0.049 0.05 0.051 0.0444978252734274
"208" 0.001 0 0 1.6408978236071e-05
"209" 0 0 0 2.22433712115944e-07
"210" 0.034 0.027 0.039 0.0289561227938678
"211" 0 0 0 0.000105601661792742
"212" 0.004 0.001 0.004 0.0017974840236018
"213" 0.028 0.04 0.024 0.0353504309320544
"214" 0.034 0.031 0.04 0.0274272902086993
"215" 0.075 0.067 0.075 0.0722297643201389
"216" 0.002 0.002 0.005 0.00105838830987626
"217" 0.076 0.075 0.096 0.0847224683360039
"218" 0 0 0 1.86940907198618e-10
"219" 0 0 0.001 1.86341242991439e-07
"220" 0.094 0.092 0.108 0.104868239706624
"221" 0 0.001 0.002 5.39953530289683e-05
"222" 0 0 0 1.12768582249956e-08
"223" 0 0 0 6.40424530296002e-07
"224" 0.001 0.001 0.001 0.0001171211681672
"225" 0.002 0.002 0.003 0.00318478086969709
"226" 0.01 0.009 0.009 0.00443021422041079
"227" 0.007 0.003 0 0.00230268088118568
"228" 0.018 0.016 0.021 0.0134095794407536
"229" 0 0.001 0 5.3088175777094e-05
"230" 0.087 0.094 0.096 0.103837787152149
"231" 0.008 0.009 0.006 0.00405536209736113
"232" 0.391 0.428 0.412 0.452892780172372
"233" 0.005 0.011 0.011 0.00666607627926674
"234" 0.001 0.001 0.004 0.000511474178237936
"235" 0.001 0.003 0 0.000164153819361745
"236" 0.012 0.011 0.022 0.0135876313066795
"237" 0.032 0.033 0.028 0.0266997569850361
"238" 0.007 0.003 0.007 0.00406877619881074
"239" 0.048 0.039 0.053 0.0439424723477586
"240" 0.614 0.637 0.667 0.64172174461568
"241" 0 0 0 2.87688705826739e-05
"242" 0 0 0 1.29747476651509e-06
"243" 0 0 0 7.24148223607557e-08
"244" 0.006 0.008 0.011 0.00470503958892332
"245" 0 0 0 4.86098171159632e-07
"246" 0.001 0 0 4.15376230966658e-07
"247" 0.539 0.515 0.532 0.536075255263166
"248" 0.392 0.363 0.389 0.419594280357255
"249" 0.002 0.003 0.004 0.00129278777400521
"250" 0 0 0 4.89396103309225e-07
"251" 0.067 0.07 0.065 0.0655165998363088
"252" 0.001 0 0.003 4.5880901642259e-05
"253" 0.263 0.273 0.268 0.293696719394481
"254" 0.008 0.003 0.014 0.00416715151335434
"255" 0 0 0 3.31185715063409e-06
"256" 0 0 0 4.07433878535368e-06
"257" 0.002 0 0 4.09050315235415e-05
"258" 0.002 0 0.001 9.78805184453924e-05
"259" 0.024 0.021 0.015 0.00905366257329954
"260" 0.312 0.351 0.334 0.368298839459619
"261" 0.015 0.013 0.024 0.0153543410419511
"262" 0.207 0.205 0.207 0.22276698750759
"263" 0.001 0.002 0.001 0.000297924851383469
"264" 0 0 0 1.79233985375671e-06
"265" 0.004 0.002 0 0.00125919851073308
"266" 0 0 0.001 3.37978961644225e-05
"267" 0 0 0 1.16796037589184e-05
"268" 0.03 0.019 0.025 0.0195770849378214
"269" 0.034 0.037 0.039 0.0419543685855145
"270" 0.005 0.003 0.002 0.00105694797991418
"271" 0 0 0 5.03073471769255e-10
"272" 0.072 0.06 0.061 0.0540147069833058
"273" 0.294 0.272 0.306 0.31147547364318
"274" 0.036 0.043 0.024 0.0344337685571692
"275" 0.018 0.009 0.012 0.0093904034988056
"276" 0.002 0.001 0.005 0.000399649275441005
"277" 0.028 0.018 0.039 0.0195902916313856
"278" 0.01 0.007 0.011 0.00780308265604368
"279" 0.001 0 0 1.44757202044099e-05
"280" 0.038 0.064 0.051 0.0520646105324144
"281" 0 0 0 9.06397934485881e-09
"282" 0.056 0.063 0.05 0.047618694250798
"283" 0.006 0.01 0.013 0.00355900396514952
"284" 0 0.001 0 1.01410609354424e-05
"285" 0.049 0.036 0.053 0.0465530425946741
"286" 0.18 0.187 0.18 0.206052223473229
"287" 0 0 0 2.35714872842685e-07
"288" 0 0 0.001 2.48109383477191e-05
"289" 0.019 0.009 0.018 0.0141307076986428
"290" 0.295 0.282 0.275 0.30191143070669
"291" 0.002 0.001 0.001 0.000421787420817776
"292" 0.057 0.042 0.064 0.0589022382912945
"293" 0.006 0.004 0.003 0.00133752337935533
"294" 0.016 0.009 0.019 0.00908120070727836
"295" 0.002 0 0 0.000149112386493955
"296" 0.409 0.404 0.392 0.423993486048632
"297" 0.004 0.007 0.005 0.00184518464722327
"298" 0.019 0.017 0.014 0.00699309243231327
"299" 0.063 0.052 0.069 0.0603706286088581
"300" 0.002 0 0.002 0.000130936919384816
"301" 0 0 0 7.84400474136415e-05
"302" 0 0 0 4.19519412542257e-07
"303" 0.156 0.166 0.152 0.166164975541444
"304" 0.11 0.124 0.122 0.149460527827526
"305" 0.014 0.017 0.013 0.0116675454826193
"306" 0 0 0 2.50364044052098e-06
"307" 0.004 0.004 0.007 0.00198184094199017
"308" 0.007 0.008 0.01 0.00288997956657655
"309" 0.012 0.007 0.012 0.00514397971215419
"310" 0.001 0 0.003 0.000606491589361768
"311" 0.006 0.003 0.003 0.000965026666497337
"312" 0 0 0 1.28341768392826e-05
"313" 0.005 0.005 0.004 0.00227041987317989
"314" 0.015 0.027 0.017 0.0154237013277013
"315" 0 0.001 0.001 0.000112725153552429
"316" 0.022 0.022 0.021 0.0196831312342149
"317" 0.004 0.004 0.004 0.00215481028075304
"318" 0.011 0.012 0.013 0.00990159166056848
"319" 0 0 0 3.52538654690981e-06
"320" 0.013 0.014 0.015 0.011678929771673
"321" 0 0 0 2.2846468672455e-07
"322" 0.007 0.002 0.005 0.00389289989923647
"323" 0.005 0.01 0.013 0.00808165167170372
"324" 0.002 0.005 0.002 0.000947633409667081
"325" 0.046 0.051 0.062 0.0520091913916224
"326" 0 0 0.002 4.44163149683208e-05
"327" 0.028 0.028 0.027 0.0298238012458204
"328" 0.004 0 0.002 0.000599909347952399
"329" 0.003 0.003 0 0.000743714811157981
"330" 0.037 0.034 0.041 0.0318669880558993
"331" 0 0.001 0.001 0.000111797293701144
"332" 0.217 0.207 0.217 0.236193923819333
"333" 0 0 0 2.60203390278768e-05
"334" 0 0.002 0.003 9.52159767526606e-05
"335" 0 0.001 0.003 0.000259679813087721
"336" 0.008 0.002 0.006 0.00137714224779406
"337" 0.471 0.477 0.506 0.512419589209955
"338" 0 0 0 9.66965793697261e-05
"339" 0.002 0.003 0.005 0.00256957566873239
"340" 0 0 0 1.34095926473954e-07
"341" 0 0 0 7.71036017233051e-06
"342" 0.041 0.03 0.064 0.0375994617767952
"343" 0.014 0.007 0.014 0.00979018216441341
"344" 0 0 0 2.50437240683077e-05
"345" 0.018 0.019 0.025 0.012948155895978
"346" 0.017 0.019 0.015 0.0140929342756463
"347" 0.001 0.003 0.002 0.00045126111968341
"348" 0 0 0 3.51202363768621e-06
"349" 0.106 0.112 0.125 0.122234248099208
"350" 0.073 0.06 0.079 0.0778132173379239
"351" 0.534 0.533 0.568 0.55025053750159
"352" 0.002 0.001 0.003 0.00113223303526577
"353" 0.003 0.008 0 0.00165982081892146
"354" 0.069 0.069 0.094 0.0813632451844346
"355" 0.013 0.009 0.012 0.0075500628769245
"356" 0.561 0.557 0.586 0.59179125451272
"357" 0 0.002 0.001 0.000390869526529558
"358" 0.002 0.003 0.002 0.00134711318642955
"359" 0 0.001 0.002 0.00050125793555611
"360" 0.001 0 0 0.000358175971152064
"361" 0.001 0 0.001 2.73845539524586e-05
"362" 0.013 0.015 0.015 0.00790770199029112
"363" 0.004 0 0.001 0.000278507951485985
"364" 0.223 0.242 0.221 0.265591265425869
"365" 0 0 0 3.75223627535615e-06
"366" 0 0 0 3.29498533757633e-06
"367" 0.144 0.134 0.136 0.157029237071289
"368" 0.027 0.016 0.023 0.0158938666127861
"369" 0.023 0.035 0.022 0.0250652487439449
"370" 0 0 0 1.21814094689032e-06
"371" 0.018 0.018 0.018 0.0148448059094149
"372" 0 0 0 3.06195435673118e-09
"373" 0.021 0.008 0.014 0.00984282112422996
"374" 0.004 0.003 0.004 0.00149055928125064
"375" 0.082 0.069 0.08 0.0846220042842309
"376" 0.015 0.013 0.013 0.0114663486102763
"377" 0 0 0 1.61793100028618e-08
"378" 0.072 0.08 0.056 0.0666380824064255
"379" 0.071 0.069 0.087 0.0765631675668412
"380" 0.034 0.032 0.036 0.0241676559575286
"381" 0.01 0.006 0.013 0.00256659066616294
"382" 0 0 0 1.63415887455276e-06
"383" 0.006 0.002 0.007 0.00334612240667409
"384" 0.135 0.151 0.145 0.159943473575502
"385" 0.251 0.244 0.257 0.285811801352488
"386" 0.044 0.03 0.048 0.0339379840177665
"387" 0.008 0.018 0.016 0.0108472904197311
"388" 0.516 0.53 0.532 0.540216265850411
"389" 0.002 0 0 3.33692495130267e-05
"390" 0.103 0.092 0.101 0.111345877695654
"391" 0.071 0.055 0.085 0.0693476236693288
"392" 0.007 0.008 0.016 0.00575810152854328
"393" 0.168 0.145 0.13 0.159832712579395
"394" 0.001 0 0.001 0.000191223004621932
"395" 0.086 0.082 0.067 0.0841369703623163
"396" 0 0 0 8.39268968522155e-06
"397" 0.195 0.193 0.215 0.233620228685477
"398" 0.012 0.008 0.017 0.00823617150534817
"399" 0.003 0.005 0.008 0.00303972856043588
"400" 0.084 0.1 0.108 0.117298400808439
"401" 0.001 0 0.001 7.34521387362186e-05
"402" 0 0 0 1.22107964117824e-06
"403" 0 0.001 0 9.07700704082526e-05
"404" 0.004 0.006 0.016 0.00385840918251534
"405" 0.111 0.099 0.121 0.120830004252208
"406" 0.014 0.024 0.022 0.0151798070364821
"407" 0 0 0 1.49517599090654e-06
"408" 0.016 0.017 0.018 0.0129915764344001
"409" 0.067 0.081 0.065 0.0766163001150278
"410" 0.05 0.059 0.065 0.0630738000993925
"411" 0 0 0 2.60077626101918e-09
"412" 0 0 0 3.58194021686797e-05
"413" 0.001 0 0 4.30134276175886e-05
"414" 0.013 0.025 0.022 0.0161978866662095
"415" 0.012 0.01 0.018 0.0103887422685994
"416" 0.08 0.076 0.091 0.0903323342068439
"417" 0 0 0 0.000150095161820629
"418" 0.114 0.131 0.135 0.149829829857582
"419" 0 0 0 2.16062383571192e-05
"420" 0.016 0.026 0.022 0.0189147854892562
"421" 0 0.002 0.001 0.000812495151783943
"422" 0.002 0.001 0.004 0.000781515378115993
"423" 0 0 0 0
"424" 0 0 0.001 4.99605626946842e-05
"425" 0.049 0.045 0.04 0.0417636629872267
"426" 0 0 0 2.86257939352552e-07
"427" 0 0 0 2.55491617395798e-06
"428" 0.021 0.015 0.034 0.01506194271427
"429" 0.006 0.01 0.006 0.00321076756406502
"430" 0.324 0.316 0.316 0.331353929363693
"431" 0.15 0.14 0.144 0.160586535069823
"432" 0.001 0.003 0.004 0.00103743857021921
"433" 0.036 0.048 0.051 0.0407553638387976
"434" 0 0 0 3.78953968205309e-09
"435" 0.021 0.011 0.018 0.0130347640504516
"436" 0 0 0 1.13240348103005e-05
"437" 0 0 0 9.14506732008213e-06
"438" 0.004 0.008 0.011 0.00321595052881185
"439" 0.189 0.149 0.16 0.186392543351169
"440" 0.758 0.744 0.801 0.732984483169472
"441" 0.012 0.017 0.015 0.0130996121654042
"442" 0.009 0.014 0.014 0.0064594854911183
"443" 0.006 0.008 0.006 0.00335368751920229
"444" 0.121 0.114 0.139 0.140460879672179
"445" 0.064 0.07 0.06 0.0664578342972851
"446" 0.273 0.299 0.287 0.309469833275622
"447" 0.026 0.026 0.026 0.0250238614442885
"448" 0.012 0.019 0.021 0.0143054499421268
"449" 0.005 0.016 0.01 0.00595573505420111
"450" 0.041 0.046 0.047 0.0347059999618979
"451" 0.004 0 0.004 0.0015990535640078
"452" 0.004 0.01 0.019 0.0078155816532689
"453" 0.044 0.054 0.053 0.0472171639204687
"454" 0.007 0.007 0.001 0.00363655458380452
"455" 0.234 0.227 0.24 0.252700435809531
"456" 0.021 0.022 0.017 0.0164676273045945
"457" 0.096 0.077 0.089 0.0944118671855734
"458" 0.066 0.073 0.086 0.0850026239284807
"459" 0 0 0.001 5.68298886481911e-05
"460" 0 0 0 7.38673164524251e-06
"461" 0 0.001 0 0.00023105931281342
"462" 0.131 0.131 0.171 0.173789407397088
"463" 0.002 0.001 0.002 0.000556491172643891
"464" 0 0.007 0.004 0.000881410515767844
"465" 0.052 0.046 0.042 0.0483270303450505
"466" 0.001 0 0.001 0.000319668866605838
"467" 0 0 0 2.76061137283179e-08
"468" 0 0 0 0.000140562670719269
"469" 0.005 0.001 0.007 0.00270110202390395
"470" 0.012 0.014 0.013 0.0103737359239126
"471" 0.136 0.111 0.123 0.134866187320808
"472" 0.043 0.044 0.057 0.0450720466247685
"473" 0.005 0.001 0.009 0.00196267988406496
"474" 0 0 0 5.14272893471501e-05
"475" 0.006 0.005 0.005 0.00136737826745048
"476" 0 0 0 2.87140677901476e-09
"477" 0.012 0.015 0.015 0.0131873462908461
"478" 0.004 0.007 0.012 0.00551555079802368
"479" 0.426 0.439 0.442 0.46203645028406
"480" 0 0 0 3.12858534997629e-05
"481" 0.01 0.009 0.014 0.00642171202138064
"482" 0.029 0.019 0.036 0.0268014658569069
"483" 0.051 0.034 0.035 0.0353134264916281
"484" 0.009 0.007 0.008 0.00469185396088811
"485" 0.024 0.03 0.029 0.0262970804146384
"486" 0.084 0.081 0.086 0.10865839806931
"487" 0.018 0.018 0.018 0.0137752663082527
"488" 0.006 0.007 0.007 0.00325582542431302
"489" 0 0 0 2.16177457335043e-06
"490" 0 0 0 3.96767829702327e-09
"491" 0.042 0.039 0.051 0.050165848497812
"492" 0.006 0.009 0.011 0.00543984121531071
"493" 0.019 0.015 0.023 0.015789057853398
"494" 0.002 0.006 0.001 0.00172408118729583
"495" 0.289 0.31 0.3 0.313166400323329
"496" 0.011 0.009 0.007 0.00533741374976493
"497" 0.105 0.149 0.123 0.133595337549885
"498" 0 0 0.002 0.000469362486769542
"499" 0 0 0 1.45464618128699e-09
"500" 0 0 0 2.90470013819544e-07
"501" 0.006 0.01 0.012 0.00381110220524072
"502" 0.028 0.033 0.032 0.0281927113888002
"503" 0.002 0 0 9.45145404247505e-05
"504" 0.004 0.005 0.003 0.00264129254826728
"505" 0 0 0 1.49922030073801e-05
"506" 0.032 0.038 0.041 0.0391525019438926
"507" 0.019 0.015 0.017 0.0144094577013325
"508" 0.007 0.003 0.002 0.00111718323636623
"509" 0.005 0.006 0.011 0.00356728815456431
"510" 0 0 0 3.12112539824216e-06
"511" 0.043 0.039 0.049 0.0407582440236435
"512" 0 0 0.001 1.64080726615667e-05
"513" 0.017 0.016 0.015 0.0102602861335634
"514" 0.005 0.007 0.01 0.00496161444257082
"515" 0.005 0.003 0.013 0.00654639508881349
"516" 0 0 0.005 0.000256117384002663
"517" 0.129 0.139 0.142 0.149104352984297
"518" 0.152 0.159 0.166 0.180341028698149
"519" 0 0 0 4.50927474249241e-08
"520" 0.002 0.004 0.003 0.000667361190075266
"521" 0.021 0.018 0.016 0.011064552978072
"522" 0 0 0 1.56452703925503e-06
"523" 0.023 0.015 0.021 0.0132176197257032
"524" 0.05 0.042 0.051 0.0477413421645044
"525" 0.001 0 0 1.34997995943076e-05
"526" 0.009 0.01 0.014 0.00512521476099481
"527" 0.003 0.001 0.004 0.000352239792739906
"528" 0.001 0 0.001 0.000187490441307725
"529" 0.133 0.132 0.154 0.160940814737353
"530" 0 0 0.002 0.000431070827754176
"531" 0.326 0.351 0.352 0.376049379933028
"532" 0.104 0.096 0.103 0.11132181589053
"533" 0.023 0.037 0.037 0.0237209613941207
"534" 0.002 0 0.001 0.000238526257522631
"535" 0.051 0.05 0.061 0.0484078753159383
"536" 0.016 0.018 0.02 0.013858502317814
"537" 0 0 0 6.62267378237491e-06
"538" 0 0 0 1.44052915873605e-06
"539" 0.051 0.044 0.029 0.0300965290978215
"540" 0.009 0.004 0.012 0.00611069886965498
"541" 0.09 0.092 0.085 0.0906786434093994
"542" 0.01 0.017 0.014 0.0100921330303595
"543" 0 0 0.001 9.84008167614903e-07
"544" 0 0 0 3.81594755793913e-12
"545" 0.048 0.051 0.067 0.0525367440166551
"546" 0 0 0 1.03719255406531e-11
"547" 0.11 0.093 0.08 0.106331085169522
"548" 0 0 0.001 0.000159759026449269
"549" 0.024 0.009 0.02 0.0115692831352245
"550" 0 0 0.001 1.97016442948783e-05
"551" 0 0 0 2.6743387812167e-05
"552" 0 0 0.001 7.18690017246226e-05
"553" 0.037 0.047 0.043 0.0343354920346652
"554" 0.22 0.223 0.23 0.242803344998821
"555" 0.007 0.008 0.008 0.00455112256991841
"556" 0 0 0.001 1.00709068798777e-05
"557" 0 0 0 5.33478115460895e-07
"558" 0.001 0.004 0.004 0.0014066377474985
"559" 0 0.002 0 0.000359418590628713
"560" 0.014 0.019 0.021 0.012526717730571
"561" 0.024 0.031 0.035 0.0192399848705009
"562" 0.172 0.145 0.16 0.176694206494573
"563" 0 0.003 0.003 0.00153409191130782
"564" 0.003 0.003 0.005 0.00180945983348568
"565" 0.029 0.023 0.026 0.0283575735831316
"566" 0.003 0 0.004 0.000678493678599512
"567" 0.004 0.002 0.007 0.00116666588235259
"568" 0.007 0.005 0.006 0.00478399367870952
"569" 0.014 0.007 0.007 0.00393620236363845
"570" 0.022 0.03 0.018 0.017291349909598
"571" 0.002 0.001 0 7.07506674157976e-05
"572" 0.025 0.024 0.025 0.0199877191995854
"573" 0.014 0.016 0.016 0.0129484286387109
"574" 0.015 0.015 0.012 0.0109183196880782
"575" 0.002 0.005 0.003 0.00142344270142036
"576" 0.001 0.001 0.004 0.000445059909754741
"577" 0.037 0.033 0.039 0.0281396660533956
"578" 0 0 0.001 1.43494666761113e-05
"579" 0 0 0 6.98057500692073e-10
"580" 0 0 0 1.98475093271533e-06
"581" 0.006 0.007 0.009 0.00391349451180789
"582" 0.003 0.001 0.004 0.000942309423378362
"583" 0.084 0.106 0.1 0.100637625299074
"584" 0 0 0 1.04765878894408e-06
"585" 0.003 0.002 0.005 0.00207330475604661
"586" 0.074 0.1 0.108 0.103350283009601
"587" 0.104 0.091 0.113 0.108161926649086
"588" 0.018 0.026 0.035 0.0227656958706346
"589" 0 0 0 7.91598917004865e-06
"590" 0.002 0.005 0.007 0.00201574495165335
"591" 0 0 0 9.95383987345555e-07
"592" 0.001 0 0 0.00028000313233445
"593" 0.017 0.012 0.012 0.00975274696621387
"594" 0 0 0 3.86817389230742e-08
"595" 0.008 0.007 0.011 0.00533316083351021
"596" 0.202 0.24 0.217 0.23483689263315
"597" 0.017 0.02 0.019 0.0121757531299077
"598" 0.001 0 0.002 0.00011599600666834
"599" 0.01 0.008 0.013 0.00585179933868973
"600" 0.041 0.053 0.045 0.0424409480840104
"601" 0.1 0.108 0.096 0.0977642257675178
"602" 0.02 0.023 0.026 0.0176950866322686
"603" 0.07 0.069 0.066 0.0725101630448278
"604" 0 0 0 4.09361738773484e-06
"605" 0.014 0.01 0.012 0.0126200368092918
"606" 0.065 0.066 0.043 0.061185102196832
"607" 0.008 0.01 0.016 0.00704098276798626
"608" 0.034 0.035 0.048 0.0385568272972502
"609" 0.006 0.008 0.006 0.0060453385611815
"610" 0.004 0.005 0.015 0.00205578258332018
"611" 0.108 0.122 0.112 0.130269880959953
"612" 0.03 0.02 0.022 0.0162577097335964
"613" 0.001 0 0.001 6.52057847998488e-05
"614" 0.023 0.019 0.016 0.0133734065391673
"615" 0 0.001 0 2.87530122922153e-05
"616" 0.002 0.002 0.002 0.000453173450889466
"617" 0.088 0.11 0.109 0.121611884852995
"618" 0.006 0.002 0.01 0.00320056893492215
"619" 0.017 0.01 0.019 0.0107016519560144
"620" 0 0 0 3.80508640152044e-08
"621" 0 0 0 8.13508066079827e-05
"622" 0.211 0.186 0.165 0.219353566487789
"623" 0.097 0.085 0.077 0.0987781975695544
"624" 0.241 0.213 0.238 0.268300894992993
"625" 0 0.002 0.002 0.00106752083415096
"626" 0.002 0.004 0.002 0.00202922251679516
"627" 0 0 0 2.38599706325893e-07
"628" 0 0 0 2.59746886666079e-07
"629" 0.022 0.013 0.018 0.0188978589141283
"630" 0.157 0.181 0.18 0.192286220293452
"631" 0.008 0.009 0.005 0.00434252546950054
"632" 0.008 0.005 0.011 0.00532070799135698
"633" 0 0 0 1.0568490527163e-10
"634" 0.079 0.077 0.08 0.0796427468568627
"635" 0.158 0.133 0.149 0.15219797740492
"636" 0.002 0.002 0.002 0.000710281804436219
"637" 0.006 0.006 0.01 0.00344458348008403
"638" 0.002 0 0.001 0.000368056702645503
"639" 0.161 0.167 0.181 0.197833909404843
"640" 0 0 0 3.64278066600221e-08
"641" 0.229 0.225 0.244 0.262762222291464
"642" 0 0.002 0 0.000143809811596673
"643" 0.066 0.036 0.038 0.0522617952387238
"644" 0.003 0.003 0.002 0.000430641598162751
"645" 0.003 0.003 0.003 0.00104631390639731
"646" 0.002 0.001 0.004 0.00101010812567182
"647" 0.002 0.002 0.001 0.000619045366755167
"648" 0.008 0.001 0.003 0.00234976864329661
"649" 0 0 0 1.7426369991469e-07
"650" 0.134 0.168 0.156 0.1615315161891
"651" 0 0.001 0 1.52318191104506e-06
"652" 0.284 0.265 0.237 0.288635948089865
"653" 0 0 0.003 0.000372504375135252
"654" 0.001 0 0 6.59699765492849e-06
"655" 0 0 0.001 2.77974709139706e-07
"656" 0.184 0.163 0.171 0.193539056776116
"657" 0.009 0.016 0.013 0.00795928237308363
"658" 0.004 0.006 0.004 0.00426863613019912
"659" 0 0 0 1.72851910562599e-09
"660" 0.115 0.098 0.11 0.115746990377801
"661" 0 0 0 5.92781447827928e-06
"662" 0.021 0.015 0.023 0.0174177115516096
"663" 0.072 0.069 0.08 0.0745621601248281
"664" 0.001 0.001 0.002 0.000589726587099992
"665" 0.198 0.215 0.23 0.253806728447364
"666" 0.048 0.043 0.039 0.0472931775691349
"667" 0 0 0 3.04286604824178e-06
"668" 0.002 0.001 0.005 0.00137665766065298
"669" 0.017 0.019 0.011 0.0138521593237009
"670" 0 0 0.001 0.000144743999508701
"671" 0.001 0.001 0.003 0.000754572724987801
"672" 0.023 0.016 0.031 0.023267939879595
"673" 0.033 0.036 0.043 0.0394576022268183
"674" 0.176 0.179 0.159 0.187434534120967
"675" 0 0 0 0.000106473508330041
"676" 0 0 0 3.19277981830624e-09
"677" 0.056 0.053 0.063 0.0552141809555842
"678" 0.031 0.032 0.026 0.0273693657054785
"679" 0.052 0.05 0.041 0.0405489370719174
"680" 0.034 0.022 0.029 0.0274158866483832
"681" 0.071 0.072 0.085 0.072561366916604
"682" 0.142 0.148 0.157 0.154856393998198
"683" 0 0.002 0.001 0.000596352543859147
"684" 0.017 0.025 0.021 0.0176889672709736
"685" 0.006 0.016 0.008 0.00501687391916061
"686" 0.002 0.002 0.004 0.000744803435341446
"687" 0.002 0.007 0.008 0.00523427557234246
"688" 0.038 0.033 0.047 0.0297133704149189
"689" 0.011 0.007 0.016 0.00487638802684831
"690" 0.024 0.025 0.018 0.0205174328373028
"691" 0.005 0.003 0.008 0.00237285753406635
"692" 0.004 0.002 0.003 0.000740086550968799
"693" 0.189 0.212 0.207 0.244353321706601
"694" 0.001 0.003 0 0.000730479430552711
"695" 0.033 0.032 0.026 0.0264233138945572
"696" 0.008 0.006 0.007 0.00390625205762907
"697" 0 0 0.001 0.000120669606982315
"698" 0.047 0.052 0.053 0.0569351953237612
"699" 0.165 0.199 0.166 0.201555941127702
"700" 0.004 0.003 0.002 0.00162391125067973
"701" 0.052 0.06 0.063 0.0690975705016297
"702" 0.016 0.011 0.024 0.00762072702594019
"703" 0 0.001 0 3.38571880783567e-05
"704" 0 0 0 2.43914888287122e-11
"705" 0.006 0.002 0.005 0.00324491521714632
"706" 0.01 0.007 0.007 0.00514038373976933
"707" 0.001 0.002 0 0.000175166248906455
"708" 0 0 0 1.34819762209748e-06
"709" 0.002 0.003 0.002 0.000858444948505177
"710" 0.027 0.031 0.025 0.0258948556350181
"711" 0.07 0.067 0.068 0.0632941660041939
"712" 0.042 0.03 0.028 0.0252061578364965
"713" 0.001 0.009 0.011 0.00537632398081245
"714" 0.42 0.427 0.44 0.458679054014552
"715" 0.031 0.052 0.036 0.0437734066310626
"716" 0.007 0.011 0.006 0.00538467767079531
"717" 0.289 0.3 0.246 0.314816792330015
"718" 0.009 0.007 0.013 0.00618333095622803
"719" 0.007 0.007 0.009 0.00199640230849907
"720" 0.21 0.208 0.197 0.220663930332152
"721" 0.006 0.007 0.01 0.00333416776709416
"722" 0.006 0.002 0.003 0.000599579246868598
"723" 0.089 0.095 0.091 0.104054573924967
"724" 0 0 0.001 4.46817718949832e-05
"725" 0.229 0.238 0.249 0.271939906074293
"726" 0 0.001 0 9.83488761570062e-05
"727" 0.006 0.005 0.011 0.00253954106540155
"728" 0.005 0.004 0.003 0.00127436030441908
"729" 0.022 0.026 0.04 0.0318995908491593
"730" 0.46 0.462 0.453 0.464694566628915
"731" 0.021 0.017 0.02 0.0135198526841169
"732" 0.009 0.008 0.013 0.00524593676260021
"733" 0.002 0.001 0.005 0.00168442068994779
"734" 0.002 0.001 0.004 0.000877833419098084
"735" 0.068 0.081 0.072 0.0792516158367834
"736" 0 0 0 1.47772601466478e-06
"737" 0.025 0.028 0.022 0.0229468767911148
"738" 0.001 0 0 5.75846028166849e-05
"739" 0.022 0.024 0.021 0.0162080237553471
"740" 0.014 0.015 0.016 0.0102773106230167
"741" 0 0 0 1.14046854682304e-06
"742" 0.001 0.001 0 3.18714238077833e-05
"743" 0.004 0.002 0.003 0.000670254621159327
"744" 0.061 0.05 0.051 0.0500786440734682
"745" 0.001 0 0.001 9.01500698423652e-05
"746" 0 0 0 8.8446361345973e-11
"747" 0.009 0.012 0.016 0.0066352856926748
"748" 0 0 0 8.52145332519427e-07
"749" 0 0 0 0.000260671523227618
"750" 0.002 0.002 0.006 0.000980545277541878
"751" 0.009 0.007 0.012 0.0023975869484546
"752" 0.029 0.027 0.036 0.0276253395584487
"753" 0.001 0.004 0.001 0.000871980942666051
"754" 0.018 0.03 0.044 0.0218518371898913
"755" 0.017 0.019 0.018 0.0139708046069067
"756" 0.038 0.03 0.027 0.026901436118525
"757" 0 0 0 8.44940784006099e-08
"758" 0.004 0.003 0.003 0.00167201189324595
"759" 0.001 0.002 0.005 0.000533159584840126
"760" 0 0.001 0.003 7.44763952365002e-05
"761" 0.025 0.04 0.047 0.0336327139691125
"762" 0.009 0.005 0.008 0.00423836913114706
"763" 0.003 0.005 0.001 0.000809003427391208
"764" 0.065 0.062 0.074 0.0749165862684134
"765" 0 0 0 2.78617628968192e-09
"766" 0 0 0 5.15151566626848e-07
"767" 0.006 0.011 0.01 0.00523662760563326
"768" 0.007 0.004 0.007 0.0025211703802055
"769" 0.009 0.006 0.006 0.00333149557711321
"770" 0.012 0.011 0.013 0.00790512984943104
"771" 0.028 0.035 0.025 0.0246813174642111
"772" 0.458 0.456 0.439 0.457725394153035
"773" 0 0.003 0.001 0.000203326536708293
"774" 0 0 0.001 8.68446669556322e-05
"775" 0.124 0.136 0.159 0.149402509275907
"776" 0.139 0.12 0.123 0.14010870780915
"777" 0.033 0.02 0.022 0.0268317932642061
"778" 0.01 0.006 0.006 0.00184803352815333
"779" 0.004 0.004 0.002 0.00248853222358114
"780" 0.005 0 0.003 0.00117569433392906
"781" 0.048 0.039 0.048 0.0424229694323104
"782" 0.134 0.132 0.147 0.145239132928961
"783" 0.016 0.018 0.019 0.0147625625178593
"784" 0.015 0.016 0.016 0.0145090466667377
"785" 0.014 0.013 0.014 0.0125508739841743
"786" 0.039 0.035 0.046 0.0336352528336206
"787" 0.045 0.057 0.048 0.047179201651548
"788" 0.001 0.003 0.001 0.000483362732169978
"789" 0.113 0.106 0.1 0.112478746313894
"790" 0.001 0.004 0.001 0.00118696591304313
"791" 0.043 0.045 0.05 0.0504784423561419
"792" 0.078 0.094 0.065 0.0816541796961894
"793" 0.167 0.169 0.165 0.180335804971317
"794" 0.056 0.063 0.067 0.0691395418588319
"795" 0 0 0 1.13919945065044e-05
"796" 0.025 0.032 0.039 0.0277128206727373
"797" 0.11 0.08 0.086 0.112873988224124
"798" 0 0 0 8.72165472138864e-05
"799" 0.011 0.008 0.011 0.00520112193687194
"800" 0 0 0 2.61485498587177e-07
"801" 0.021 0.025 0.028 0.0205632963444854
"802" 0.036 0.021 0.036 0.0336346028937233
"803" 0 0 0 6.91667031427201e-08
"804" 0.012 0.006 0.009 0.00534076702991737
"805" 0.014 0.009 0.011 0.00728926080674108
"806" 0.066 0.056 0.065 0.0649287677571687
"807" 0.52 0.517 0.517 0.529823503942323
"808" 0 0 0 5.25106362603278e-06
"809" 0.184 0.215 0.212 0.223699841036415
"810" 0.149 0.149 0.165 0.172909837479921
"811" 0.004 0.004 0.005 0.00281622952701699
"812" 0.001 0.001 0.004 0.000709742707932448
"813" 0.003 0.004 0.002 0.00134914984909618
"814" 0.047 0.052 0.039 0.0420109392291803
"815" 0 0 0 6.67985067925869e-06
"816" 0 0 0 3.06565247631951e-08
"817" 0.062 0.077 0.079 0.0747004867967498
"818" 0.001 0 0 3.32753785586837e-05
"819" 0.001 0.001 0.001 0.000355087090135542
"820" 0.073 0.065 0.064 0.0718788955794905
"821" 0.001 0.001 0.001 0.000495530421481982
"822" 0 0 0.002 8.13875510718987e-06
"823" 0 0 0 7.53286322208169e-12
"824" 0.004 0.003 0.006 0.0014958296944354
"825" 0.026 0.034 0.023 0.0208668323976989
"826" 0.032 0.027 0.03 0.0287639296871153
"827" 0.047 0.041 0.042 0.0344425605508921
"828" 0 0 0 2.90947887464643e-05
"829" 0.003 0.004 0.002 0.00094851825471276
"830" 0 0.002 0.001 0.000121575134793717
"831" 0.003 0.001 0.002 0.000921205209107656
"832" 0 0 0 4.91515646360297e-05
"833" 0.847 0.845 0.864 0.784669160079802
"834" 0.042 0.042 0.037 0.0351874778020249
"835" 0 0 0 6.6238282798059e-05
"836" 0.017 0.02 0.019 0.0164681733002692
"837" 0.024 0.024 0.021 0.0171601634301135
"838" 0.002 0.006 0.006 0.00383866406752009
"839" 0.015 0.019 0.025 0.00999721866610803
"840" 0.035 0.048 0.035 0.0395232433441769
"841" 0.084 0.083 0.082 0.0892452269999071
"842" 0.002 0.003 0.004 0.000873353909687458
"843" 0.015 0.007 0.008 0.00607424735344564
"844" 0.025 0.021 0.025 0.0207394369070378
"845" 0.001 0 0 0.000115997125506917
"846" 0.047 0.051 0.048 0.0449269062946018
"847" 0.001 0.002 0.002 0.000348840527089278
"848" 0.035 0.043 0.038 0.0378628845261225
"849" 0.023 0.026 0.034 0.0231190348999173
"850" 0 0 0 0.000167779260654255
"851" 0.203 0.201 0.232 0.242226070180769
"852" 0.012 0.01 0.005 0.00695278910160613
"853" 0.029 0.035 0.039 0.0278325127108321
"854" 0.002 0.001 0.004 0.000802923041192338
"855" 0.008 0.005 0.006 0.00250775268251791
"856" 0.128 0.138 0.158 0.150139093226956
"857" 0.001 0.004 0.002 0.000779809380582863
"858" 0.021 0.023 0.017 0.0165015781197998
"859" 0.012 0.011 0.011 0.00960578465760875
"860" 0.021 0.018 0.018 0.0137499855922295
"861" 0.369 0.361 0.36 0.390279375694186
"862" 0.195 0.178 0.182 0.208745379376421
"863" 0.197 0.213 0.173 0.211895486183358
"864" 0.183 0.181 0.187 0.213491781587484
"865" 0.302 0.282 0.281 0.314135493344901
"866" 0 0 0 3.08905827584027e-08
"867" 0 0.002 0.001 3.24046584810889e-05
"868" 0.001 0.001 0.001 0.00109750846478618
"869" 0 0 0 1.03756600977611e-07
"870" 0 0 0 8.36811321347497e-08
"871" 0.086 0.095 0.093 0.101959783907524
"872" 0.228 0.214 0.208 0.235059493715673
"873" 0.007 0.007 0.006 0.00295696114390342
"874" 0.055 0.051 0.05 0.0531996224058126
"875" 0 0 0 2.44742159427602e-07
"876" 0.002 0.001 0.003 0.000242414604547214
"877" 0.003 0.004 0.004 0.00153503862397564
"878" 0.099 0.112 0.095 0.124205755314442
"879" 0.515 0.52 0.544 0.540648387052281
"880" 0.185 0.207 0.208 0.227483018105314
"881" 0 0 0 7.21928676861161e-06
"882" 0 0 0 6.22013857087822e-08
"883" 0.059 0.048 0.061 0.0511925739135715
"884" 0 0 0 2.60824170505991e-06
"885" 0.022 0.02 0.02 0.0183708479463215
"886" 0.416 0.41 0.406 0.428964028551218
"887" 0.004 0.002 0.004 0.000719723214285595
"888" 0.046 0.039 0.06 0.0550826399300587
"889" 0.059 0.056 0.053 0.0607209961974461
"890" 0.009 0.011 0.014 0.00531354455215749
"891" 0 0.001 0.009 0.00189742192133835
"892" 0.046 0.049 0.05 0.0593205353404785
"893" 0 0.001 0.001 0.000185013429983116
"894" 0.225 0.229 0.231 0.241125088888907
"895" 0.002 0.003 0.001 0.00076546841518832
"896" 0.013 0.015 0.027 0.0128182111394241
"897" 0.016 0.02 0.018 0.0121631508010103
"898" 0.004 0.008 0.01 0.00533902231131855
"899" 0.015 0.016 0.011 0.00786126745293136
"900" 0.018 0.017 0.02 0.0150629746617474
"901" 0 0.001 0 1.25976552270979e-05
"902" 0.105 0.091 0.103 0.117098349769684
"903" 0.047 0.04 0.033 0.0412423106198637
"904" 0.011 0.018 0.013 0.0174074962644519
"905" 0.011 0.012 0.006 0.0063492745579018
"906" 0.006 0.01 0.003 0.00358987171467773
"907" 0.006 0.003 0.013 0.0039564214491612
"908" 0.001 0.002 0.001 0.000110784623404081
"909" 0.033 0.015 0.026 0.0214392907958901
"910" 0.002 0.004 0.007 0.00299761463886938
"911" 0.05 0.039 0.047 0.0424071215587348
"912" 0.023 0.026 0.023 0.0217378681718298
"913" 0 0.001 0.001 0.000223222399716838
"914" 0.002 0.002 0.005 0.00185056426570174
"915" 0.002 0.001 0.002 0.000266467675796522
"916" 0.05 0.052 0.038 0.0458999326576229
"917" 0.029 0.027 0.028 0.0229496648869756
"918" 0.047 0.046 0.051 0.047127710346242
"919" 0.003 0 0.003 0.00117683081336417
"920" 0.024 0.024 0.035 0.0265239278936485
"921" 0.004 0.008 0.004 0.00134413505107744
"922" 0.118 0.117 0.104 0.130418032533184
"923" 0.203 0.176 0.194 0.214399452055803
"924" 0.105 0.11 0.101 0.108418142306573
"925" 0.019 0.023 0.033 0.021854206512666
"926" 0.006 0.007 0.003 0.00209292121380766
"927" 0 0 0 2.48242706741841e-05
"928" 0.029 0.029 0.037 0.0251708915131323
"929" 0 0 0.001 3.15784565254607e-05
"930" 0.072 0.064 0.055 0.0582505568490889
"931" 0 0.001 0 0.000151199520130207
"932" 0.009 0.002 0.013 0.00451884842997585
"933" 0.035 0.029 0.027 0.0246752403031569
"934" 0 0 0 2.03765559980695e-10
"935" 0.221 0.228 0.221 0.266916683757929
"936" 0.907 0.911 0.919 0.844517758857801
"937" 0.002 0.001 0.004 0.00156684055120082
"938" 0.05 0.058 0.06 0.0584952665376176
"939" 0.073 0.063 0.066 0.0617481801886973
"940" 0.056 0.062 0.049 0.0531611675535514
"941" 0 0 0 7.20725151670543e-07
"942" 0.031 0.041 0.037 0.0326085509910183
"943" 0 0 0.001 9.8690915305566e-05
"944" 0.042 0.048 0.048 0.0430872838989493
"945" 0.032 0.027 0.043 0.0275102803832973
"946" 0.321 0.316 0.306 0.338265190376908
"947" 0.007 0.002 0.001 0.000753930326668262
"948" 0.057 0.05 0.047 0.0413965989028386
"949" 0.002 0.002 0.004 0.000710463259393834
"950" 0 0 0.001 3.522302553427e-05
"951" 0.001 0.001 0.001 3.73854266579876e-05
"952" 0.003 0.002 0.006 0.00170775742799711
"953" 0 0 0 5.68994850236315e-06
"954" 0.109 0.084 0.093 0.100715158954547
"955" 0.002 0.002 0 0.00137572801108821
"956" 0.014 0.012 0.012 0.0112523272527727
"957" 0.002 0.003 0.003 0.00103666794887236
"958" 0 0 0 1.07264856741285e-06
"959" 0 0 0 5.89555815277976e-09
"960" 0.001 0.001 0 6.6238825258802e-05
"961" 0.032 0.028 0.044 0.0232995510554679
"962" 0.001 0.001 0.002 0.000555268430358025
"963" 0 0 0 1.43948762021395e-06
"964" 0.007 0.007 0.004 0.00233072676880242
"965" 0.07 0.056 0.05 0.0561366522241846
"966" 0 0 0 9.0477034075942e-07
"967" 0.015 0.018 0.026 0.0164514639900764
"968" 0 0.005 0.003 0.00271557648277199
"969" 0.012 0.006 0.008 0.00606551991071347
"970" 0.02 0.021 0.02 0.0181143156930383
"971" 0.014 0.022 0.025 0.0191157221859171
"972" 0.07 0.071 0.069 0.070975066275311
"973" 0.012 0.019 0.013 0.0159475099730513
"974" 0.007 0.005 0.006 0.00418221213497927
"975" 0 0 0 1.19170709744765e-07
"976" 0.082 0.051 0.054 0.0627333166216215
"977" 0.003 0 0.004 0.000507661771415924
"978" 0.002 0.004 0.004 0.00103075040425149
"979" 0.005 0.003 0.004 0.00174299123697197
"980" 0 0 0.001 0.000116485092580221
"981" 0.003 0.004 0.006 0.00104649410632029
"982" 0.011 0.009 0.015 0.00753755306739889
"983" 0.033 0.044 0.052 0.0468194011621794
"984" 0.268 0.235 0.245 0.269874489009598
"985" 0.1 0.1 0.103 0.128358972071792
"986" 0.021 0.026 0.028 0.0189531307877774
"987" 0.001 0 0 9.09639099551107e-05
"988" 0 0 0 5.63479505277797e-08
"989" 0 0 0.001 8.60345346664904e-06
"990" 0.005 0.001 0 0.00179905668363523
"991" 0.003 0.002 0.005 0.00242859093293912
"992" 0.001 0.002 0.002 0.000232197000393009
"993" 0 0.001 0 9.61310185062514e-05
"994" 0.003 0 0.002 0.000495938645162619
"995" 0.007 0.007 0.002 0.00332323348714203
"996" 0.007 0.008 0.01 0.00376006004230389
"997" 0.002 0.003 0.005 0.00117464924721844
"998" 0.003 0.007 0.004 0.00284824376131354
"999" 0.002 0.002 0.002 0.000810849407161807
"1000" 0.202 0.198 0.229 0.242059772027895
