"A" "B" "P" "BT"
"1" 0 0 0 3.14119751987363e-07
"2" 0.249 0.265 0.253 0.282061077107449
"3" 0 0.001 0.003 3.43812853310643e-05
"4" 0.035 0.03 0.042 0.0242970165038857
"5" 0.004 0.001 0.002 0.00122167253209016
"6" 0.143 0.14 0.145 0.153544079698606
"7" 0.086 0.086 0.094 0.0922702061074858
"8" 0.007 0.006 0.006 0.00620988013525059
"9" 0.065 0.052 0.047 0.0525055914918775
"10" 0.001 0.003 0.004 0.00039450987875389
"11" 0.032 0.025 0.018 0.0179735272269372
"12" 0.047 0.058 0.054 0.0543292371438334
"13" 0.005 0.004 0.006 0.00154646676045433
"14" 0.314 0.313 0.318 0.349635799263394
"15" 0.007 0.005 0.005 0.001468054079938
"16" 0 0.001 0.001 0.000138177511194382
"17" 0.003 0.004 0.005 0.00122724873431568
"18" 0.202 0.206 0.21 0.246161446844424
"19" 0.268 0.266 0.261 0.29976006498056
"20" 0.002 0.003 0.006 0.00103802377969431
"21" 0.002 0 0.003 9.5516033946752e-05
"22" 0 0.001 0 2.0557051043979e-05
"23" 0 0 0 4.63354288271489e-09
"24" 0 0 0 5.42249535961936e-06
"25" 0 0 0 9.46682288116563e-10
"26" 0.066 0.083 0.077 0.0788472054756648
"27" 0.05 0.043 0.037 0.042603359775798
"28" 0.007 0.009 0.007 0.00345644597459294
"29" 0.043 0.039 0.036 0.0306755165816002
"30" 0 0 0.001 1.55070237750632e-06
"31" 0.408 0.379 0.405 0.445047672803724
"32" 0.001 0.001 0 1.25637847983029e-05
"33" 0 0 0 2.27752291026562e-07
"34" 0.009 0.012 0.015 0.00790960327155066
"35" 0 0 0 3.92619681675033e-05
"36" 0.005 0.003 0.005 0.00207538942737073
"37" 0.007 0.008 0.002 0.00405905262637152
"38" 0 0 0 1.56595495133249e-05
"39" 0.294 0.294 0.311 0.344476958741268
"40" 0 0 0 7.77032551635415e-08
"41" 0.003 0.003 0.003 0.000867978713398387
"42" 0.001 0 0.001 0.000171150108043361
"43" 0 0 0 2.63776843145713e-07
"44" 0.103 0.108 0.11 0.118687717862281
"45" 0 0 0 2.74634631702853e-08
"46" 0.006 0.006 0.007 0.00671419560734199
"47" 0.019 0.019 0.029 0.0156566109468436
"48" 0.087 0.085 0.074 0.0934525631348834
"49" 0 0 0.002 4.3845798815112e-05
"50" 0.007 0.007 0.005 0.00348405125898432
"51" 0 0 0 3.54879587938228e-08
"52" 0.024 0.015 0.021 0.0166822573807414
"53" 0.004 0.004 0.001 0.00177552280035875
"54" 0 0 0 3.60537204080469e-06
"55" 0.025 0.017 0.024 0.0173472924892704
"56" 0.035 0.036 0.041 0.0315248077068674
"57" 0 0 0 2.08301967896674e-08
"58" 0.006 0.007 0.013 0.00469982542063041
"59" 0.01 0.006 0.011 0.00887916200235062
"60" 0 0 0.001 4.47218091725876e-06
"61" 0.01 0.01 0.011 0.00774392973817184
"62" 0 0 0 1.32314263456834e-05
"63" 0.055 0.063 0.056 0.0638578441242436
"64" 0.015 0.019 0.018 0.0139016073974146
"65" 0.003 0.005 0.002 0.000644223406582545
"66" 0.001 0 0.002 0.000116981564242002
"67" 0.01 0.01 0.008 0.00696039714764063
"68" 0 0 0 1.6343216802106e-07
"69" 0.011 0.014 0.012 0.0110301724495454
"70" 0 0 0 3.19158691697297e-08
"71" 0.001 0.004 0 0.00121200883769468
"72" 0.012 0.019 0.013 0.00940826915860626
"73" 0 0 0 1.82978980656223e-06
"74" 0.003 0.008 0.01 0.00233151874995385
"75" 0.017 0.016 0.018 0.0147091093880115
"76" 0.289 0.293 0.286 0.326438730508459
"77" 0 0 0 1.89332316491431e-09
"78" 0.031 0.042 0.033 0.0353439388735806
"79" 0.014 0.006 0.015 0.00664802884319637
"80" 0.003 0.006 0.011 0.00563408392341025
"81" 0.289 0.31 0.307 0.329536785720599
"82" 0 0 0 3.5590340630165e-07
"83" 0.048 0.048 0.043 0.0375546978621422
"84" 0.003 0.001 0 0.000312644292257414
"85" 0.017 0.021 0.022 0.0212448887633809
"86" 0.001 0.001 0.004 0.000773395946500277
"87" 0.001 0.002 0.003 0.000374717833954819
"88" 0.014 0.016 0.024 0.0176819294232926
"89" 0.115 0.11 0.102 0.120714663923327
"90" 0 0 0 1.39779710028876e-09
"91" 0.001 0.004 0.009 0.00114298125317847
"92" 0.007 0.002 0.003 0.0026791599642908
"93" 0.008 0.006 0.003 0.00380007633696944
"94" 0.015 0.022 0.019 0.012411858162599
"95" 0.001 0 0 1.13635462117845e-05
"96" 0.043 0.057 0.04 0.0405899010189286
"97" 0.008 0.007 0.023 0.00568025998283739
"98" 0 0.001 0 8.92914626328123e-05
"99" 0.001 0.001 0 0.000495128124336053
"100" 0.015 0.013 0.015 0.0123452469802668
"101" 0.016 0.025 0.017 0.0166266859451855
"102" 0 0 0.001 4.07105982984657e-05
"103" 0.005 0.002 0.002 0.00130466397975404
"104" 0.008 0.008 0.009 0.00402372602548251
"105" 0.011 0.009 0.01 0.00571956858490819
"106" 0.537 0.542 0.568 0.557350216326623
"107" 0.002 0 0.001 9.83782011977352e-05
"108" 0.001 0 0.001 0.000158782721192741
"109" 0.015 0.021 0.015 0.0141366732424847
"110" 0.007 0.012 0.013 0.00840522643263009
"111" 0.009 0.009 0.015 0.00805123957904041
"112" 0.118 0.132 0.117 0.125115608800823
"113" 0.001 0 0 0.000358047367913894
"114" 0.003 0.001 0.005 0.000495810218527293
"115" 0.022 0.021 0.027 0.01597908101134
"116" 0.026 0.027 0.018 0.0211935063557664
"117" 0.004 0.004 0.004 0.000926612535224081
"118" 0 0 0 5.79258863098175e-12
"119" 0 0 0 1.29715980179412e-07
"120" 0 0 0 2.29411199326179e-06
"121" 0.22 0.255 0.228 0.268472742383222
"122" 0.001 0 0.002 0.000126887131401743
"123" 0.005 0.003 0.005 0.0011177778491166
"124" 0 0 0 0.000109624431551048
"125" 0 0 0 2.75282876494032e-06
"126" 0.003 0.002 0.003 0.000793356653159938
"127" 0 0 0.001 0.000185722973333413
"128" 0.003 0.007 0.014 0.00403791793368713
"129" 0.001 0.006 0.006 0.00192899357156084
"130" 0.007 0.017 0.014 0.00857795133115469
"131" 0.001 0.002 0.001 0.000241183408823842
"132" 0.011 0.01 0.012 0.00468461955119981
"133" 0 0 0.001 4.33881228216748e-05
"134" 0.005 0.007 0.007 0.00384791546100549
"135" 0.531 0.511 0.52 0.530556815548563
"136" 0.065 0.062 0.056 0.0554622905490513
"137" 0.054 0.046 0.066 0.0501656665447348
"138" 0.043 0.039 0.047 0.0329260761270894
"139" 0 0.002 0.001 1.29495976664007e-05
"140" 0.021 0.022 0.022 0.0156484281730574
"141" 0 0 0 5.43199254465776e-08
"142" 0.001 0.002 0.002 0.000556307921734112
"143" 0.341 0.322 0.325 0.371255134484143
"144" 0.048 0.048 0.053 0.0440516405659622
"145" 0.011 0.004 0.007 0.00655217165207655
"146" 0.001 0 0.002 0.000598364493084591
"147" 0.006 0.011 0.02 0.0089839295467824
"148" 0.002 0.003 0.007 0.00229109084244383
"149" 0.265 0.245 0.26 0.28462988649305
"150" 0 0.002 0.001 0.000136635261374529
"151" 0.151 0.176 0.142 0.165630096662763
"152" 0.009 0.012 0.008 0.00541649514387099
"153" 0.223 0.211 0.227 0.229147637421233
"154" 0.03 0.034 0.036 0.0233878104881711
"155" 0.003 0.001 0.002 0.000806495228503512
"156" 0.007 0.001 0.009 0.00167175967374367
"157" 0.02 0.022 0.038 0.0179208807115284
"158" 0.016 0.013 0.018 0.0103169459610165
"159" 0.006 0.003 0.006 0.00224200352028037
"160" 0.184 0.194 0.204 0.238723071829703
"161" 0 0 0 3.33066907387547e-16
"162" 0 0 0 2.8110194727482e-08
"163" 0.005 0.002 0.003 0.000539855187088767
"164" 0.009 0.006 0.01 0.00510500832701166
"165" 0.003 0.008 0.007 0.00511485721952931
"166" 0.004 0.002 0.004 0.00180585419261969
"167" 0.377 0.366 0.398 0.395331286534789
"168" 0.001 0 0.003 0.000216472941772738
"169" 0.002 0.005 0.004 0.000856183612701678
"170" 0.277 0.309 0.265 0.322384241116342
"171" 0.008 0.004 0.009 0.00210224835319706
"172" 0 0 0 1.51699344960177e-05
"173" 0.014 0.009 0.013 0.00817553662626103
"174" 0.012 0.007 0.012 0.00598577071992856
"175" 0.055 0.055 0.074 0.0615241463433683
"176" 0.028 0.026 0.028 0.0214791220562289
"177" 0.001 0.005 0.002 0.000863633748872328
"178" 0.001 0.001 0.001 0.000243859931728485
"179" 0.01 0.012 0.007 0.00580714741174471
"180" 0.013 0.01 0.017 0.00718412021378712
"181" 0.048 0.038 0.054 0.03857041485739
"182" 0.002 0.008 0.005 0.00196326355572485
"183" 0.104 0.121 0.101 0.11555050117902
"184" 0.02 0.011 0.012 0.00953241543053596
"185" 0.037 0.036 0.031 0.0331096142966302
"186" 0.006 0.004 0.005 0.00265748394330767
"187" 0.117 0.096 0.123 0.132693757196305
"188" 0.004 0.013 0.007 0.0045881356952624
"189" 0.011 0.01 0.009 0.00872699303335689
"190" 0.005 0.005 0.002 0.00155698822851635
"191" 0 0 0 5.28226873353077e-09
"192" 0.004 0.006 0.007 0.00191206711579983
"193" 0.014 0.01 0.026 0.00711265590431409
"194" 0.011 0.005 0.014 0.00363710245530235
"195" 0 0 0 2.4397654041497e-07
"196" 0.013 0.013 0.008 0.0074120226341895
"197" 0 0 0 5.23445605971062e-07
"198" 0 0.002 0 6.51683727793673e-05
"199" 0.003 0.001 0.002 0.00159697616457855
"200" 0.119 0.127 0.12 0.139150756904757
"201" 0.035 0.039 0.059 0.0414182326338717
"202" 0 0.001 0.001 8.35510840455633e-05
"203" 0.002 0 0.001 0.000241394839973319
"204" 0.005 0.011 0.016 0.00583809307234684
"205" 0.007 0.004 0.015 0.00615161993628455
"206" 0.001 0.001 0.002 0.000386917152529143
"207" 0 0 0 0.000135413105940674
"208" 0.056 0.059 0.07 0.0579722538906344
"209" 0.045 0.053 0.036 0.049289977594885
"210" 0.056 0.061 0.059 0.0583020948777108
"211" 0.21 0.21 0.207 0.236488224866078
"212" 0 0 0 1.34689442932157e-08
"213" 0.408 0.389 0.419 0.430064503426902
"214" 0.056 0.068 0.047 0.0557739542038345
"215" 0.019 0.01 0.009 0.00800346980041777
"216" 0 0.001 0 6.8189098849647e-05
"217" 0 0 0 1.29538855186961e-05
"218" 0.198 0.239 0.216 0.244535111932728
"219" 0.006 0.002 0.003 0.00179970724067158
"220" 0.004 0.009 0.006 0.00329349837759962
"221" 0 0 0 4.47323337104955e-06
"222" 0.001 0.002 0.006 0.00019108228325504
"223" 0.085 0.095 0.095 0.105633399972322
"224" 0 0 0 1.16311986930739e-07
"225" 0.024 0.033 0.026 0.0238464943172729
"226" 0 0 0 2.47168110882878e-05
"227" 0.001 0 0.002 0.000301368586155482
"228" 0 0 0 2.31662237171193e-08
"229" 0.05 0.035 0.044 0.0416135297683033
"230" 0 0 0 9.33516023597925e-05
"231" 0.019 0.014 0.025 0.0104563409447892
"232" 0.02 0.017 0.03 0.0201789716149184
"233" 0.007 0.008 0.017 0.00572796458783364
"234" 0.006 0.01 0.014 0.00459895585534231
"235" 0.037 0.04 0.039 0.032459337039454
"236" 0.098 0.092 0.102 0.111269652683764
"237" 0.006 0.016 0.015 0.00708344306400599
"238" 0.009 0.013 0.01 0.00702274486961962
"239" 0.046 0.042 0.045 0.0449712882947471
"240" 0.004 0.008 0.016 0.00584429959764232
"241" 0.049 0.035 0.05 0.0359557201794528
"242" 0 0 0 1.60304295393487e-08
"243" 0.019 0.021 0.024 0.0185147059542323
"244" 0.007 0.002 0.003 0.00280626203007439
"245" 0.044 0.063 0.048 0.048821995864174
"246" 0.005 0.006 0.009 0.00279519222066882
"247" 0.033 0.036 0.045 0.028819728051897
"248" 0 0 0 6.2427952747246e-06
"249" 0.016 0.011 0.015 0.00858657026073639
"250" 0.001 0 0 3.62873240241646e-05
"251" 0 0.006 0.005 0.00146578709186973
"252" 0.015 0.014 0.026 0.0130231535029462
"253" 0.022 0.028 0.027 0.0154177961281771
"254" 0 0 0.001 8.63822341090614e-05
"255" 0.002 0 0 0.000165364323186923
"256" 0.006 0.004 0.012 0.00529578028344957
"257" 0.024 0.016 0.03 0.0202895678696676
"258" 0.013 0.01 0.011 0.00757490142638562
"259" 0 0 0 1.71180065788867e-06
"260" 0.038 0.035 0.033 0.0242444554758582
"261" 0.013 0.01 0.018 0.0104732900038927
"262" 0.354 0.335 0.371 0.375662900821216
"263" 0.277 0.289 0.283 0.309002995925002
"264" 0.001 0.001 0.005 0.000620722512923999
"265" 0 0.001 0 6.53388236422359e-05
"266" 0.005 0.012 0.003 0.00269667143329322
"267" 0.001 0 0.002 0.000666444773645636
"268" 0.013 0.006 0.016 0.0063627592819121
"269" 0.013 0.017 0.008 0.00645946568524947
"270" 0.015 0.017 0.018 0.013938543746544
"271" 0.001 0.002 0 0.000132649532592177
"272" 0.01 0.006 0.013 0.00500111704063877
"273" 0.01 0.009 0.007 0.00524132439021219
"274" 0.001 0.001 0.003 0.000226400957329953
"275" 0 0.001 0 4.30662094175194e-06
"276" 0.003 0 0.006 0.000468789060492081
"277" 0.005 0.003 0.007 0.0023114177234137
"278" 0.001 0 0.001 7.32673421977026e-05
"279" 0.002 0.001 0.003 0.000231717664867404
"280" 0.006 0.009 0.013 0.00259089251684108
"281" 0.018 0.018 0.022 0.0158804118585444
"282" 0.036 0.038 0.033 0.0252003771310318
"283" 0.037 0.033 0.04 0.033910980278086
"284" 0.005 0.002 0.007 0.00450030926122635
"285" 0.03 0.033 0.029 0.0291109097309415
"286" 0.002 0 0.001 0.000581432473678034
"287" 0.002 0.001 0.007 0.00106783348669848
"288" 0.095 0.09 0.079 0.0970441781794502
"289" 0.002 0 0.004 0.000526783422436061
"290" 0 0 0 1.12440313726481e-08
"291" 0.236 0.275 0.293 0.289365449166226
"292" 0 0 0.001 5.35874745573039e-05
"293" 0.001 0.001 0 0.000262170803613793
"294" 0 0.001 0.002 6.5433278291116e-05
"295" 0 0 0 2.55133933979579e-08
"296" 0.03 0.024 0.028 0.0242809604745797
"297" 0.052 0.034 0.039 0.0454342563699563
"298" 0.008 0.015 0.015 0.00716956777176614
"299" 0.047 0.042 0.056 0.0480163835148555
"300" 0.002 0.001 0.001 0.00107556045840329
"301" 0.003 0.011 0.006 0.00240044021904062
"302" 0.047 0.051 0.054 0.0507253635140027
"303" 0.002 0.003 0.004 0.00231937729530129
"304" 0.001 0 0.001 0.00027412712156738
"305" 0.015 0.022 0.019 0.0184832342040084
"306" 0 0 0.001 8.51654840294813e-06
"307" 0.028 0.036 0.035 0.0297879916574985
"308" 0 0.002 0.001 0.00017771856123705
"309" 0 0 0 8.94775162518791e-07
"310" 0.011 0.01 0.013 0.0085158823353354
"311" 0.549 0.56 0.562 0.564936795748294
"312" 0.013 0.006 0.01 0.00898391191666714
"313" 0 0 0 6.4728681303805e-09
"314" 0.001 0 0.001 3.82465137510613e-05
"315" 0 0 0.002 4.84976125361136e-05
"316" 0.008 0.005 0.005 0.00262109208323369
"317" 0.001 0.001 0 0.000235231173579487
"318" 0.008 0.006 0.01 0.00560041753310925
"319" 0.064 0.066 0.07 0.0637769923461328
"320" 0 0 0 4.22958579049393e-06
"321" 0.004 0.005 0.005 0.00241709337580498
"322" 0.179 0.184 0.175 0.19717591201234
"323" 0 0 0 0.000204508661396541
"324" 0.156 0.132 0.137 0.160138014669354
"325" 0.006 0.003 0.009 0.00313959062033176
"326" 0.001 0.002 0.003 0.000866735184953615
"327" 0.001 0.001 0 0.000265971722326674
"328" 0.004 0.003 0.013 0.00335208293094702
"329" 0 0 0 2.44863891307734e-06
"330" 0.012 0.014 0.015 0.00729157842199712
"331" 0.014 0.021 0.019 0.0107945934084657
"332" 0 0 0 1.45346856865736e-05
"333" 0.033 0.032 0.028 0.025139161871696
"334" 0 0 0.004 0.00047871417867662
"335" 0.033 0.036 0.024 0.0329768606711682
"336" 0.014 0.005 0.006 0.00518545545702465
"337" 0.046 0.038 0.048 0.0449127425525583
"338" 0 0.001 0.005 0.000770488039908201
"339" 0.002 0.001 0.003 0.000938624600667848
"340" 0.561 0.586 0.593 0.579802861016538
"341" 0.161 0.141 0.138 0.156519889767851
"342" 0.006 0.007 0.005 0.00126983970853833
"343" 0 0 0 9.87108317640484e-07
"344" 0 0 0 2.51776504089918e-08
"345" 0.005 0.004 0.011 0.00343148285559991
"346" 0 0.001 0 8.3293526375039e-06
"347" 0 0 0 7.56423498948777e-07
"348" 0.008 0.015 0.016 0.00793799547381591
"349" 0 0 0 8.75834960112343e-11
"350" 0.162 0.178 0.171 0.201535264454877
"351" 0.008 0.008 0.013 0.00820723173173343
"352" 0.039 0.051 0.044 0.0396925558842588
"353" 0 0 0.001 4.48398639936176e-05
"354" 0 0 0 2.48638181155059e-08
"355" 0.001 0.003 0.004 0.00421180354026374
"356" 0.001 0 0 3.35091368607321e-05
"357" 0.002 0 0.005 0.000168752293047136
"358" 0.088 0.11 0.096 0.103946598326153
"359" 0.536 0.52 0.515 0.540080019195204
"360" 0.028 0.031 0.027 0.0229338796253811
"361" 0.562 0.565 0.614 0.581898230677062
"362" 0.004 0.005 0.006 0.00170628070393009
"363" 0.104 0.11 0.099 0.122253103592736
"364" 0 0 0 1.0245863584557e-05
"365" 0.003 0.004 0.005 0.000797568347810085
"366" 0.582 0.547 0.59 0.589037812424473
"367" 0.066 0.064 0.061 0.0596114173276184
"368" 0.003 0.003 0.005 0.00210229459348599
"369" 0 0 0 2.77358843625564e-06
"370" 0 0 0.002 0.000445633030895065
"371" 0 0 0 5.12419917353402e-06
"372" 0.001 0 0.002 0.000357452151767079
"373" 0.136 0.155 0.141 0.167533754171792
"374" 0.039 0.038 0.049 0.0393776060570102
"375" 0 0 0.002 0.000310566774443854
"376" 0 0 0 1.4770159173505e-07
"377" 0.003 0.005 0.007 0.00257003616369322
"378" 0.299 0.296 0.295 0.33571662269166
"379" 0.003 0.003 0 0.000701032997111661
"380" 0.428 0.443 0.442 0.484792381385952
"381" 0.009 0.006 0.007 0.00542424982525591
"382" 0.002 0 0.001 0.000447483613545629
"383" 0.001 0 0 1.04110483629682e-05
"384" 0 0 0 8.24966825219153e-06
"385" 0 0 0 5.50504715254307e-05
"386" 0.071 0.051 0.067 0.0630353879697906
"387" 0.073 0.065 0.069 0.0710055568660299
"388" 0.251 0.276 0.284 0.286692024905038
"389" 0.002 0.002 0.006 0.000543661787811511
"390" 0.05 0.053 0.061 0.0523911783317043
"391" 0.013 0.009 0.017 0.00630880899162412
"392" 0.016 0.018 0.02 0.0110718171318209
"393" 0.002 0 0.001 0.000139283796058987
"394" 0 0 0 1.02339869123558e-06
"395" 0.001 0 0.001 0.000201425703568514
"396" 0.01 0.012 0.017 0.00844403438049746
"397" 0.016 0.015 0.013 0.0112961310532904
"398" 0.012 0.009 0.008 0.00465566612385448
"399" 0.002 0 0.001 0.000183328332640342
"400" 0.013 0.014 0.02 0.0105398512434439
"401" 0 0 0 1.27742252875596e-06
"402" 0.152 0.185 0.162 0.173393459966
"403" 0 0 0 6.0985648090206e-05
"404" 0.144 0.182 0.135 0.175896807557111
"405" 0 0.006 0.001 0.000374266693352832
"406" 0 0 0 6.00335190004131e-06
"407" 0.018 0.015 0.011 0.00752262197682185
"408" 0.003 0.008 0.007 0.00296512597130205
"409" 0.002 0.002 0.007 0.00220532687162844
"410" 0 0 0 2.81815482128245e-06
"411" 0.005 0.003 0.002 0.00171384828146437
"412" 0.107 0.099 0.101 0.104154286058559
"413" 0 0.001 0 2.32361753217392e-05
"414" 0.001 0.001 0 2.10941712974755e-06
"415" 0.002 0.003 0.001 0.000421587547178248
"416" 0.011 0.01 0.008 0.00388216356961357
"417" 0.001 0 0 7.08300434042464e-05
"418" 0.051 0.052 0.054 0.0561326651425248
"419" 0.069 0.057 0.043 0.0550019607954978
"420" 0.055 0.065 0.07 0.0674527940724862
"421" 0.1 0.092 0.105 0.112435713741037
"422" 0.003 0.005 0.004 0.00113665072909641
"423" 0 0 0 4.72108574456342e-10
"424" 0.158 0.136 0.149 0.162995392269083
"425" 0 0 0 2.91687494025084e-06
"426" 0.011 0.009 0.009 0.00706784855435516
"427" 0 0 0 5.60278972827621e-06
"428" 0.001 0 0 0.000162185975096429
"429" 0 0 0 6.64111895409825e-06
"430" 0.001 0.001 0.001 0.00017742484354577
"431" 0.046 0.043 0.038 0.0442790191911802
"432" 0.001 0.002 0.001 0.000266662712936516
"433" 0 0 0 2.8198540313884e-07
"434" 0 0.001 0 2.52620331444575e-05
"435" 0.014 0.008 0.013 0.00686816951300884
"436" 0.048 0.075 0.086 0.0699506957345756
"437" 0 0 0 2.22590042139315e-05
"438" 0.002 0.004 0.002 0.000924217225231505
"439" 0.077 0.08 0.073 0.0817383762750739
"440" 0 0.003 0.002 0.000643325441018971
"441" 0 0 0 3.8440386429528e-09
"442" 0.002 0.002 0 5.62392330724082e-05
"443" 0.041 0.048 0.031 0.0366549624405275
"444" 0.005 0.016 0.008 0.00620520103144551
"445" 0.003 0.003 0.004 0.00172480515106399
"446" 0.077 0.08 0.084 0.0820346064394933
"447" 0.007 0.008 0.01 0.00466440867172147
"448" 0.006 0.002 0.011 0.00378680934485065
"449" 0 0 0 5.39712447178431e-07
"450" 0 0.004 0.006 0.00104258792531764
"451" 0.01 0.006 0.013 0.0071724937476989
"452" 0.014 0.012 0.013 0.0120993025395353
"453" 0 0 0 6.92550959136007e-07
"454" 0.043 0.036 0.03 0.0369243248972043
"455" 0.001 0 0.001 7.54741523426583e-05
"456" 0.012 0.017 0.02 0.0136309285202819
"457" 0.239 0.204 0.224 0.244185923770878
"458" 0.002 0.003 0.005 0.000817648321278064
"459" 0.035 0.024 0.038 0.0319397506804567
"460" 0 0 0 7.85349563159343e-12
"461" 0.077 0.085 0.068 0.0876191264502656
"462" 0.127 0.15 0.144 0.161439530733344
"463" 0 0 0 1.86987519801285e-07
"464" 0 0 0 2.13340373145243e-08
"465" 0 0 0.001 8.4584000146215e-06
"466" 0 0 0 6.79865747033048e-08
"467" 0 0 0 9.10052706892817e-06
"468" 0 0 0 9.99075929764004e-08
"469" 0.017 0.009 0.02 0.00947344838164266
"470" 0 0 0 3.71020208034256e-05
"471" 0.001 0 0 4.97873147119465e-05
"472" 0.024 0.015 0.033 0.0173463719589249
"473" 0.237 0.229 0.235 0.244879532756997
"474" 0 0 0 1.39806028646161e-05
"475" 0 0.001 0.001 0.000633401620093288
"476" 0 0.001 0 0.000248384254845857
"477" 0.01 0.006 0.01 0.00447777319658971
"478" 0.002 0 0.004 0.000766200877957313
"479" 0.001 0.005 0.001 0.00109895152860173
"480" 0.242 0.237 0.244 0.274878448142764
"481" 0.032 0.031 0.025 0.0246907470938813
"482" 0.028 0.024 0.028 0.0275399543389401
"483" 0.261 0.281 0.255 0.288574925993561
"484" 0.241 0.209 0.216 0.245835451720147
"485" 0.002 0.002 0.003 0.000971096558153972
"486" 0.011 0.01 0.021 0.00743870688077364
"487" 0.001 0.003 0.003 0.000676300570403687
"488" 0 0 0 1.84272180736578e-07
"489" 0 0 0 1.39567246648653e-11
"490" 0 0 0.002 0.00070543551893254
"491" 0 0 0 1.05725409094148e-07
"492" 0 0 0 1.00202624047085e-05
"493" 0.061 0.061 0.056 0.0621313834475731
"494" 0.001 0 0 0.0002789880463685
"495" 0 0 0 1.79896564311832e-09
"496" 0.009 0.009 0.015 0.00546785890762869
"497" 0 0 0 1.48200042238145e-06
"498" 0.018 0.024 0.023 0.0155584047130257
"499" 0.009 0.002 0.005 0.00225588893810569
"500" 0.033 0.029 0.031 0.0278236048592798
"501" 0 0 0 1.69866696020371e-06
"502" 0.018 0.015 0.012 0.0115589090211099
"503" 0.002 0.006 0.006 0.00318765477439986
"504" 0.062 0.064 0.054 0.066909908008062
"505" 0 0 0 2.40324724565255e-06
"506" 0 0 0 6.08167004534366e-08
"507" 0 0.002 0 0.000235597462099224
"508" 0.038 0.021 0.029 0.0292022664018252
"509" 0.008 0.012 0.014 0.00636085671692088
"510" 0.006 0.003 0.002 0.00149851797103784
"511" 0.486 0.468 0.466 0.49018618953402
"512" 0.007 0.008 0.005 0.00621470315962191
"513" 0 0 0 2.46059821917832e-06
"514" 0.082 0.053 0.065 0.0739469890414162
"515" 0.003 0.002 0.003 0.00147015397269123
"516" 0 0 0 3.3320880984844e-05
"517" 0.397 0.377 0.429 0.420674702762807
"518" 0 0 0 8.01298003203499e-05
"519" 0.2 0.185 0.191 0.221395890680114
"520" 0 0 0 2.66139898063011e-05
"521" 0.002 0 0 2.25839521622584e-05
"522" 0.005 0.001 0.004 0.00073019379252437
"523" 0.01 0.012 0.023 0.0124895730928157
"524" 0.002 0.001 0.004 0.000519545564175439
"525" 0 0 0 0.000122688275507876
"526" 0.192 0.192 0.201 0.224241337611212
"527" 0 0.001 0.002 0.000845625868184374
"528" 0 0 0 2.88763426059546e-07
"529" 0 0 0.001 0.000321380978845265
"530" 0.018 0.018 0.011 0.0087031878582553
"531" 0 0 0 1.11285017201368e-07
"532" 0.023 0.015 0.021 0.0176507126909656
"533" 0.836 0.824 0.862 0.756346108036449
"534" 0.399 0.405 0.406 0.428182843001121
"535" 0.001 0.003 0.003 0.000594337318478688
"536" 0.039 0.049 0.035 0.0377285490064752
"537" 0.072 0.062 0.066 0.0699866771355538
"538" 0.01 0.005 0.002 0.00458563009885482
"539" 0.046 0.06 0.048 0.048249258064691
"540" 0.001 0.005 0.001 0.00114533728538635
"541" 0 0 0 1.60677541579668e-05
"542" 0 0 0 3.53511880157864e-06
"543" 0 0 0.001 4.87345235883341e-05
"544" 0 0.001 0.005 0.000460737071433015
"545" 0.003 0.008 0.01 0.00473288047827214
"546" 0.003 0.003 0.003 0.00151343374104118
"547" 0 0 0 9.5127935196837e-06
"548" 0.006 0.006 0.004 0.00180989754399719
"549" 0 0 0 1.82533175175914e-05
"550" 0 0 0 6.10430983205568e-07
"551" 0.018 0.015 0.018 0.0132267286860588
"552" 0.117 0.118 0.107 0.132854482039825
"553" 0.004 0.003 0.005 0.00161791725915983
"554" 0.013 0.011 0.023 0.0112856574116877
"555" 0 0.001 0.002 9.38418646186934e-05
"556" 0.002 0.001 0.007 0.00176462681213563
"557" 0 0.001 0.002 0.000555832757985431
"558" 0 0.002 0.004 0.000231148903265921
"559" 0.034 0.032 0.029 0.0232231085211891
"560" 0 0.003 0.006 0.00145236809225913
"561" 0.007 0.004 0.007 0.00522623233298414
"562" 0.256 0.278 0.287 0.292067710106274
"563" 0.401 0.401 0.421 0.435189115713938
"564" 0 0.001 0 0.000412837470085692
"565" 0 0 0 5.8659831403407e-07
"566" 0.205 0.182 0.2 0.218646688440732
"567" 0.327 0.304 0.295 0.321910923026961
"568" 0.142 0.15 0.158 0.159353006378066
"569" 0.001 0.001 0.002 0.00015279796799117
"570" 0 0 0 8.78662853587286e-09
"571" 0 0.002 0.002 0.000766474186320809
"572" 0 0 0 1.21383754192461e-06
"573" 0.033 0.025 0.032 0.0240206823205371
"574" 0 0 0.001 6.12361041912868e-05
"575" 0 0.002 0.001 0.000114458055380573
"576" 0.011 0.011 0.009 0.0116344462783909
"577" 0.002 0 0.003 0.000224029902072376
"578" 0 0 0 5.61567535158902e-05
"579" 0 0.001 0 5.9332243427912e-05
"580" 0.302 0.285 0.301 0.327565354794223
"581" 0.068 0.082 0.091 0.0916207137438202
"582" 0.012 0.008 0.015 0.00760207709568406
"583" 0 0.001 0 2.31930068563813e-05
"584" 0.011 0.012 0.006 0.00613110580625775
"585" 0.005 0.008 0.003 0.00453165877240336
"586" 0.001 0.001 0 0.000287389888596112
"587" 0 0 0 1.74495682652154e-05
"588" 0.008 0.012 0.015 0.00765756218362146
"589" 0 0 0 1.12183636491459e-05
"590" 0.018 0.016 0.034 0.0218127462419581
"591" 0 0 0 7.08191708609363e-08
"592" 0.046 0.051 0.052 0.051230724992976
"593" 0.002 0.002 0.007 0.000657693122004588
"594" 0.049 0.031 0.043 0.0369792144050669
"595" 0.054 0.053 0.056 0.0529651676395119
"596" 0.053 0.049 0.057 0.0484416054267024
"597" 0.544 0.564 0.566 0.560316331235791
"598" 0.002 0 0 8.99760712591569e-06
"599" 0.002 0.005 0.009 0.0017667288160641
"600" 0.009 0.01 0.01 0.00525092262309834
"601" 0 0 0.001 4.08869356438579e-06
"602" 0.021 0.028 0.039 0.0286348102556526
"603" 0.104 0.099 0.108 0.121373797258257
"604" 0.056 0.055 0.059 0.0589671558901174
"605" 0.059 0.049 0.06 0.0454566981962881
"606" 0.015 0.022 0.033 0.0158104845496915
"607" 0.004 0.002 0.002 0.00186137992013657
"608" 0.015 0.015 0.018 0.0124398707078884
"609" 0.001 0.002 0.002 0.000595425618482692
"610" 0.002 0.003 0.004 0.00136871280615103
"611" 0 0 0 4.8585622192121e-09
"612" 0.072 0.073 0.073 0.0840075317250978
"613" 0.043 0.041 0.04 0.0444955323555166
"614" 0 0 0.001 4.87651015411705e-05
"615" 0 0 0 6.42540132211877e-10
"616" 0.026 0.024 0.029 0.0238397546568431
"617" 0.009 0.005 0.002 0.00330295223886579
"618" 0.786 0.788 0.809 0.744511643143939
"619" 0.022 0.016 0.016 0.0152242465362744
"620" 0.008 0.009 0.01 0.00578518163497832
"621" 0 0 0 3.18126062737178e-06
"622" 0.017 0.019 0.026 0.0180849226726389
"623" 0.078 0.062 0.055 0.0707340799409439
"624" 0.124 0.127 0.15 0.154852072411273
"625" 0.104 0.093 0.137 0.12616086268962
"626" 0.002 0.002 0.002 0.000157599845399869
"627" 0.05 0.059 0.053 0.0499814494465173
"628" 0.002 0 0 0.000135501973221097
"629" 0 0.001 0.001 3.7597727171268e-05
"630" 0 0.001 0.001 8.22260537806097e-05
"631" 0.109 0.126 0.112 0.119417576656994
"632" 0.002 0.001 0.001 0.000123501392349623
"633" 0 0 0.001 0.000285329108193899
"634" 0.035 0.021 0.039 0.0241277815923965
"635" 0.015 0.011 0.02 0.00866834042038389
"636" 0 0 0.002 3.97527107488527e-05
"637" 0 0 0 1.33030916060761e-07
"638" 0.017 0.016 0.013 0.0112359360702016
"639" 0.007 0.006 0.005 0.0046665869940461
"640" 0.003 0.003 0.004 0.00174120924478627
"641" 0.001 0 0 5.46046919847054e-05
"642" 0.031 0.027 0.034 0.0253037027269656
"643" 0.662 0.712 0.671 0.654192376598858
"644" 0.002 0.002 0.004 0.000384865937745893
"645" 0 0 0 3.26173789977346e-07
"646" 0.145 0.136 0.14 0.15624265285105
"647" 0.004 0 0.004 0.000560675488981865
"648" 0.025 0.019 0.031 0.022324163316723
"649" 0.046 0.051 0.021 0.038926378956595
"650" 0.041 0.036 0.049 0.0382530422916797
"651" 0.003 0.003 0.005 0.000874349557891896
"652" 0.242 0.247 0.232 0.266341087822613
"653" 0.055 0.085 0.073 0.0683423444893808
"654" 0.002 0 0.001 0.000198261939869493
"655" 0 0 0.001 8.45180417319291e-07
"656" 0.003 0 0.003 0.00081230639472174
"657" 0 0.001 0 4.90938534769558e-06
"658" 0.023 0.013 0.017 0.0147190196771646
"659" 0 0 0 2.21418404566798e-06
"660" 0.005 0.003 0.006 0.00214011071271814
"661" 0 0 0 8.56811685486791e-05
"662" 0.038 0.03 0.027 0.0314162892590927
"663" 0.032 0.036 0.028 0.0301889470089503
"664" 0.012 0.011 0.021 0.00982600386018362
"665" 0.001 0.001 0 0.000386654092057181
"666" 0 0 0.003 1.30812235178412e-05
"667" 0.367 0.363 0.373 0.384595018406413
"668" 0.012 0.013 0.016 0.00494790634926678
"669" 0.029 0.03 0.027 0.0196586253258745
"670" 0 0 0 7.85752319809596e-06
"671" 0.001 0.005 0.005 0.00127227258441709
"672" 0 0.004 0.002 0.00031368650258734
"673" 0.063 0.072 0.063 0.0786991365839533
"674" 0 0.001 0.002 0.000596816484249141
"675" 0.034 0.025 0.035 0.0297764419449457
"676" 0.04 0.044 0.049 0.0442049882338592
"677" 0.002 0.005 0.004 0.00180739662144236
"678" 0 0 0.001 8.41589726985337e-06
"679" 0 0 0 3.97228495097046e-05
"680" 0 0 0 0.000150527545620949
"681" 0.043 0.043 0.038 0.0387448789186349
"682" 0 0 0 2.18298649323767e-06
"683" 0.021 0.02 0.026 0.0156843774859149
"684" 0.011 0.013 0.005 0.00611255827407653
"685" 0.305 0.31 0.302 0.335995973551663
"686" 0 0 0 1.291080950927e-06
"687" 0 0 0.001 9.0024654367693e-05
"688" 0 0 0 1.25778144017819e-05
"689" 0 0 0 2.0191093217159e-05
"690" 0.312 0.317 0.309 0.359965069352588
"691" 0 0 0.001 2.74742281094476e-05
"692" 0.013 0.012 0.015 0.00973468471917394
"693" 0 0 0.001 0.000104147808512312
"694" 0 0 0 4.36338432940886e-07
"695" 0.005 0.006 0.011 0.00423982856159999
"696" 0 0 0 1.73038595541186e-06
"697" 0.034 0.038 0.049 0.0384469878398673
"698" 0 0 0 1.24344978758018e-14
"699" 0 0 0 3.07747456629315e-07
"700" 0.006 0.008 0.011 0.00377267846761042
"701" 0.049 0.047 0.057 0.0435759588962175
"702" 0.018 0.016 0.023 0.0145183606858575
"703" 0.008 0.01 0.015 0.00632947400610662
"704" 0 0 0 5.22176842043809e-05
"705" 0 0 0 7.35904978821367e-06
"706" 0.012 0.022 0.021 0.0155182623787523
"707" 0.001 0.002 0.001 0.000747698223121041
"708" 0.001 0 0.003 0.000162929558980451
"709" 0 0 0 4.6003627786062e-06
"710" 0.025 0.032 0.038 0.0265484726472813
"711" 0.359 0.363 0.339 0.391560429142747
"712" 0.12 0.102 0.104 0.120837584398373
"713" 0 0 0 6.81055666362784e-06
"714" 0 0.001 0.002 8.23441007498094e-05
"715" 0.067 0.085 0.074 0.0730960883565522
"716" 0.105 0.143 0.121 0.135641807135484
"717" 0 0 0 7.48861574726423e-05
"718" 0.003 0 0.001 0.000640602237076959
"719" 0.542 0.525 0.55 0.551725077523609
"720" 0 0.001 0 9.04743186092016e-06
"721" 0 0 0 3.14147197514325e-05
"722" 0 0 0 1.68103819753185e-09
"723" 0.152 0.15 0.149 0.173655501936776
"724" 0.003 0.002 0.006 0.00136961415616976
"725" 0.371 0.414 0.445 0.437443087023539
"726" 0.083 0.087 0.098 0.0914822155296171
"727" 0.404 0.385 0.412 0.423028163198665
"728" 0 0.001 0 3.89646658368603e-05
"729" 0.004 0.007 0.006 0.00181312569475167
"730" 0.022 0.019 0.022 0.0147770969378676
"731" 0.027 0.015 0.023 0.0213575011493895
"732" 0.003 0 0.002 0.000325673407913563
"733" 0 0.001 0.001 0.000112763397069116
"734" 0.144 0.141 0.117 0.166324578897707
"735" 0 0 0 1.45425596997928e-06
"736" 0 0 0 1.63308255807237e-09
"737" 0.014 0.017 0.008 0.0103553125238409
"738" 0.079 0.064 0.07 0.0787204740820321
"739" 0.012 0.008 0.02 0.0082953620801447
"740" 0 0.001 0 1.11026470173137e-06
"741" 0.063 0.062 0.067 0.066721802086287
"742" 0.004 0.002 0.003 0.00164330412202041
"743" 0.062 0.055 0.051 0.0646414808014593
"744" 0.006 0.008 0.01 0.00507008963635935
"745" 0.003 0.002 0.009 0.000690730515518823
"746" 0 0 0.002 0.000142844401010866
"747" 0.013 0.013 0.014 0.0090439846546615
"748" 0.003 0.003 0.002 0.000773037276294408
"749" 0.013 0.02 0.016 0.0139914893997527
"750" 0 0.001 0.003 0.00121900792645213
"751" 0.004 0 0.004 0.000529568103577183
"752" 0.005 0.005 0.008 0.00284648093481243
"753" 0.038 0.036 0.041 0.0311657093281877
"754" 0 0 0 1.21233755902006e-05
"755" 0.006 0.011 0.009 0.0054654729783018
"756" 0 0.001 0 0.000270099529623202
"757" 0.011 0.012 0.007 0.00681451021102131
"758" 0.001 0.003 0.002 0.000430224971113224
"759" 0 0 0 3.07301349670164e-05
"760" 0.003 0.003 0.003 0.000755262270039414
"761" 0.02 0.015 0.013 0.0145561494950238
"762" 0 0 0 8.71465716589803e-07
"763" 0 0 0.001 9.26153180926814e-05
"764" 0 0.002 0.001 6.22475034083303e-05
"765" 0.14 0.139 0.134 0.15625136084058
"766" 0.011 0.009 0.013 0.00714201155230021
"767" 0.005 0.008 0.007 0.00421345905891701
"768" 0.001 0.001 0.002 0.000952336129106723
"769" 0.001 0.006 0.023 0.00387027932382633
"770" 0.002 0.001 0 0.000179719977323023
"771" 0.089 0.091 0.088 0.102487878816296
"772" 0 0 0.001 3.61045609450494e-05
"773" 0 0.002 0.008 0.000947130797154583
"774" 0.046 0.063 0.08 0.0664164950523076
"775" 0.099 0.107 0.129 0.112442434323329
"776" 0.029 0.024 0.024 0.0187738952234333
"777" 0 0 0.002 1.65318846003792e-05
"778" 0.001 0 0.001 0.000318055878042789
"779" 0.006 0.002 0.004 0.00274104128943053
"780" 0.002 0.001 0.003 0.000580286505091232
"781" 0.016 0.01 0.025 0.0113411906690774
"782" 0 0.002 0.002 0.000175678286263303
"783" 0.08 0.085 0.079 0.0912078520667979
"784" 0.017 0.008 0.017 0.013154341882426
"785" 0.015 0.018 0.027 0.0210233518908955
"786" 0.008 0.005 0.003 0.00150219087413828
"787" 0.095 0.095 0.094 0.106550627449512
"788" 0 0 0 9.51178133479225e-07
"789" 0.011 0.005 0.01 0.00248614046702811
"790" 0 0 0 2.77941374171586e-06
"791" 0.002 0.002 0.002 0.000681851717136195
"792" 0.003 0.01 0.001 0.00138289207792419
"793" 0.104 0.097 0.103 0.0990278959552806
"794" 0 0 0 2.67586410473974e-07
"795" 0 0.001 0.001 0.000116778043323551
"796" 0.028 0.015 0.017 0.0206930436545858
"797" 0.001 0.001 0 1.34850136456199e-05
"798" 0.001 0.001 0.004 0.000427049891702058
"799" 0 0 0 1.54680201980284e-08
"800" 0.001 0.002 0.004 0.000417142349023791
"801" 0.009 0.012 0.014 0.00594824842806874
"802" 0.003 0.006 0.004 0.00188840202049012
"803" 0.009 0.007 0.01 0.00591196509372349
"804" 0.114 0.12 0.131 0.143051449927505
"805" 0.043 0.031 0.038 0.0376355013341657
"806" 0.004 0.012 0.005 0.00603696352714778
"807" 0.03 0.027 0.032 0.0328169369616782
"808" 0.002 0.001 0 0.00015744035153864
"809" 0.022 0.024 0.02 0.0191753931101265
"810" 0.398 0.393 0.406 0.42770555892969
"811" 0.008 0.015 0.022 0.0142469462503554
"812" 0.001 0 0 0.000136873798215253
"813" 0.014 0.016 0.015 0.00725222390631408
"814" 0.001 0 0 8.89855344379242e-05
"815" 0.002 0.001 0.001 0.000393415435741895
"816" 0.018 0.025 0.019 0.0150845554294969
"817" 0.246 0.232 0.242 0.265053454401016
"818" 0.049 0.065 0.057 0.0639176235870678
"819" 0.001 0 0.003 7.12589222142679e-05
"820" 0.73 0.731 0.742 0.709196351153692
"821" 0.009 0.004 0.004 0.00100935381849887
"822" 0 0 0.001 7.4267248604265e-05
"823" 0.001 0 0.001 7.51423331318835e-05
"824" 0.044 0.051 0.044 0.0391653716260523
"825" 0.004 0.002 0.003 0.00207040816396675
"826" 0.001 0 0.001 5.16105398459255e-05
"827" 0.014 0.016 0.017 0.010640188710923
"828" 0.002 0.007 0.004 0.00230141075700219
"829" 0.024 0.03 0.023 0.0228812391832598
"830" 0.014 0.01 0.008 0.00677830964565096
"831" 0 0 0 4.29958291192634e-11
"832" 0 0 0 7.65032376504049e-06
"833" 0.001 0.001 0 0.000196042392899498
"834" 0 0 0.001 0.000163893578743468
"835" 0.013 0.018 0.017 0.0134574002866545
"836" 0 0 0 1.46688365435521e-05
"837" 0.244 0.252 0.25 0.281022079707798
"838" 0.37 0.385 0.377 0.402696088252284
"839" 0.034 0.025 0.019 0.0207204355694212
"840" 0.001 0.003 0.001 0.000351791200706941
"841" 0.026 0.023 0.024 0.0177952977536862
"842" 0.003 0.008 0.007 0.00279845542413026
"843" 0.028 0.027 0.024 0.0235264916891595
"844" 0.001 0.003 0.002 0.000289984890567418
"845" 0 0 0 4.69177515727282e-08
"846" 0 0 0 1.44015421144061e-07
"847" 0.103 0.108 0.101 0.117082143725794
"848" 0.003 0.001 0.005 0.000570815263470914
"849" 0.046 0.036 0.04 0.0314220990865901
"850" 0.013 0.006 0.015 0.00598585204899749
"851" 0.109 0.104 0.117 0.105305432311723
"852" 0.01 0.014 0.009 0.00750905095360976
"853" 0.007 0.013 0.007 0.00513231657684676
"854" 0.11 0.092 0.091 0.099130636726855
"855" 0 0 0 6.61574882654392e-08
"856" 0 0.001 0.001 2.15491727493244e-05
"857" 0.003 0.002 0.011 0.00122900470496712
"858" 0 0 0 6.38997255109075e-09
"859" 0.001 0 0 6.92679096317983e-05
"860" 0 0.001 0 0.000163149026467857
"861" 0.039 0.04 0.045 0.0337633260762682
"862" 0.004 0.004 0.011 0.00231631369466401
"863" 0.006 0.004 0.015 0.00265061578469405
"864" 0 0.001 0 2.01673620892073e-06
"865" 0.012 0.003 0.009 0.00894347560483277
"866" 0.049 0.041 0.045 0.0382609484067862
"867" 0 0 0 4.9721815960746e-05
"868" 0 0.001 0.002 4.88996217304916e-05
"869" 0.008 0.003 0.009 0.00185120690452756
"870" 0.031 0.036 0.03 0.0286416950873891
"871" 0.001 0.002 0.002 0.000109887778055873
"872" 0.524 0.501 0.532 0.528556713068768
"873" 0.014 0.019 0.03 0.0215384561083914
"874" 0.003 0.002 0.002 0.00119787640149061
"875" 0.001 0.001 0.001 0.000222273785081772
"876" 0.004 0.001 0.006 0.00065111719752875
"877" 0.026 0.02 0.012 0.018643938023703
"878" 0.329 0.311 0.356 0.365233253829045
"879" 0.001 0 0.002 0.000124720521865629
"880" 0.017 0.014 0.016 0.00874482091393625
"881" 0.008 0.015 0.007 0.00712288482233125
"882" 0 0 0.001 1.73154712790335e-09
"883" 0 0 0 3.22637411928062e-05
"884" 0.021 0.026 0.038 0.0205866824108306
"885" 0.005 0.004 0.013 0.00315104182972648
"886" 0 0.001 0 1.00893257483081e-05
"887" 0.007 0.002 0.009 0.00282995033596156
"888" 0.044 0.047 0.04 0.044893490751887
"889" 0.017 0.02 0.025 0.0219758319469118
"890" 0 0.001 0.003 0.000338210656247839
"891" 0 0.001 0.003 0.000147685723513646
"892" 0.022 0.028 0.029 0.0281429496541039
"893" 0.027 0.029 0.036 0.026260327117135
"894" 0 0 0 2.62365566152667e-05
"895" 0 0 0 7.95171307220732e-05
"896" 0 0 0 3.75151416487363e-07
"897" 0.001 0.001 0.002 0.000358129558563292
"898" 0.005 0.009 0.006 0.00351794819081086
"899" 0.003 0.005 0.006 0.00144228750048592
"900" 0 0 0 4.55968599578638e-05
"901" 0.007 0.006 0.007 0.00442567709791397
"902" 0 0 0 4.75102995267651e-06
"903" 0.002 0 0 0.00201767482465076
"904" 0 0 0 3.38904500862824e-06
"905" 0.031 0.034 0.024 0.0271103838733032
"906" 0 0 0 1.4205773670728e-06
"907" 0 0.001 0.002 2.38382889675703e-05
"908" 0.038 0.028 0.021 0.0283931136425637
"909" 0.027 0.019 0.021 0.0226941195630707
"910" 0 0 0 3.12480035180585e-08
"911" 0 0 0 1.4090305100245e-05
"912" 0 0 0 2.66462807374523e-09
"913" 0.005 0.013 0.006 0.0052420584006595
"914" 0 0 0 1.4137820639748e-05
"915" 0.154 0.154 0.15 0.167322416155604
"916" 0.125 0.119 0.132 0.132781792498886
"917" 0.011 0.01 0.015 0.00713729973886579
"918" 0.009 0.008 0.021 0.0090623199087021
"919" 0 0 0 1.29164515749736e-08
"920" 0.002 0.01 0.009 0.00556592563933689
"921" 0.054 0.041 0.033 0.0303240800501793
"922" 0 0 0 4.26228855987532e-05
"923" 0 0 0 1.64202677528369e-05
"924" 0 0 0.001 0.000100561303211122
"925" 0.031 0.044 0.028 0.02160248671609
"926" 0.039 0.044 0.028 0.0356651855565741
"927" 0.003 0.002 0 0.001023584890398
"928" 0.001 0 0 3.20102870345895e-05
"929" 0 0 0 4.33510747914756e-05
"930" 0 0 0 0.000245214435066976
"931" 0.004 0.007 0.007 0.00140051987252732
"932" 0 0 0 6.79810184101015e-06
"933" 0.388 0.391 0.402 0.425241456431424
"934" 0.011 0.011 0.01 0.00677675865142457
"935" 0 0 0 3.40591438882099e-05
"936" 0 0 0 9.00733585185165e-06
"937" 0.001 0.001 0 8.30463057210906e-05
"938" 0.098 0.095 0.094 0.102925412690102
"939" 0 0 0.003 1.33812116365206e-06
"940" 0.006 0.008 0.006 0.00374402905522586
"941" 0.107 0.127 0.114 0.127399349852294
"942" 0.217 0.22 0.247 0.269970082301469
"943" 0 0.001 0.002 0.00076161466357072
"944" 0.035 0.045 0.041 0.0421614342211857
"945" 0.001 0 0.001 9.81847042131889e-05
"946" 0.06 0.058 0.073 0.0559065757507131
"947" 0.002 0.002 0.001 0.000782300765862498
"948" 0.002 0.003 0.006 0.000355349535378302
"949" 0.004 0.001 0.005 0.00225935562934376
"950" 0 0 0 0.000127441692315711
"951" 0.035 0.034 0.04 0.0282431107847686
"952" 0 0 0 1.27475264650734e-05
"953" 0 0 0 8.81688423071125e-06
"954" 0.056 0.052 0.04 0.0512530247793187
"955" 0 0 0.001 0.000181220487278977
"956" 0 0 0 2.48830870127614e-05
"957" 0 0 0.001 3.0968205766424e-07
"958" 0.001 0 0 0.000675871277737272
"959" 0 0 0.001 0.000146240161966515
"960" 0.001 0.002 0.002 0.000843241977151354
"961" 0.008 0.006 0.008 0.0045744599888744
"962" 0.001 0.001 0 0.000263490008465261
"963" 0 0 0 1.0302507285509e-05
"964" 0.018 0.024 0.029 0.0186176136803582
"965" 0 0 0 1.58696266128189e-08
"966" 0 0 0.001 2.21646502873707e-05
"967" 0 0 0 2.69906585970148e-09
"968" 0.168 0.144 0.168 0.17595057737414
"969" 0.02 0.017 0.014 0.0111824441011396
"970" 0 0 0.002 7.72186347449688e-05
"971" 0 0.001 0.001 7.33052722148297e-05
"972" 0.029 0.028 0.021 0.0237275814545279
"973" 0.002 0.002 0.002 0.00076957187689719
"974" 0.001 0 0.002 0.000778173744068078
"975" 0.026 0.024 0.026 0.0174521032825892
"976" 0 0 0 2.25115382967989e-06
"977" 0 0.001 0.001 0.000182434450106683
"978" 0.005 0 0.001 0.000215933644902355
"979" 0.003 0.003 0.001 0.000777432554734281
"980" 0.02 0.028 0.031 0.0203827806270537
"981" 0.002 0.002 0.003 0.000809829506270177
"982" 0 0 0 6.8892751614591e-08
"983" 0.005 0.002 0.004 0.00262801994756101
"984" 0.002 0.002 0.002 0.00214613997843294
"985" 0 0 0.002 3.0769162766231e-05
"986" 0.02 0.025 0.026 0.019780684675441
"987" 0 0.001 0 0.000434644113904037
"988" 0.008 0.013 0.015 0.00649788837642562
"989" 0.159 0.145 0.159 0.17408751605418
"990" 0.039 0.025 0.041 0.0347560133987043
"991" 0.005 0.003 0.008 0.00348311514828636
"992" 0 0 0 5.1053315563987e-07
"993" 0.206 0.206 0.23 0.231391356707243
"994" 0 0 0 6.00128595706906e-08
"995" 0.006 0.004 0.006 0.00242065465251173
"996" 0.127 0.127 0.107 0.131141827579445
"997" 0.003 0.008 0.005 0.00338318163057505
"998" 0 0 0 2.21313586346028e-08
"999" 0.027 0.023 0.024 0.020412648798482
"1000" 0 0 0.001 0.000135808039890439
