"A" "B" "P" "BT"
"1" 0.044 0.047 0.044 0.0493349172146802
"2" 0.007 0.012 0.008 0.00574144225044448
"3" 0.263 0.284 0.289 0.327768926798961
"4" 0 0 0.001 3.0142294294988e-06
"5" 0.019 0.025 0.023 0.0234520141157786
"6" 0.52 0.525 0.552 0.548817217020348
"7" 0.194 0.194 0.181 0.21528255997253
"8" 0.003 0 0.007 0.000646355568903245
"9" 0.001 0.001 0.003 0.000301046976610042
"10" 0.012 0.016 0.016 0.0107438273860602
"11" 0.089 0.08 0.098 0.0973366199912914
"12" 0.006 0.006 0.01 0.00424338989455797
"13" 0.004 0.004 0.002 0.000404650904915038
"14" 0.077 0.089 0.1 0.0895847335199054
"15" 0.008 0.006 0.009 0.00330586714727032
"16" 0.008 0.005 0.006 0.00420293907606628
"17" 0.002 0.001 0.002 0.000661477197404614
"18" 0.011 0.013 0.023 0.0104173091493653
"19" 0.122 0.134 0.135 0.143795319211901
"20" 0.013 0.013 0.019 0.00920304340802069
"21" 0.026 0.016 0.017 0.0122193046650734
"22" 0.044 0.052 0.038 0.038339038523228
"23" 0.003 0.003 0.008 0.00117438545183157
"24" 0.113 0.11 0.134 0.134696538032822
"25" 0.081 0.083 0.089 0.0918765230906295
"26" 0.015 0.013 0.008 0.0090627446454844
"27" 0.085 0.087 0.096 0.0936646670176267
"28" 0.06 0.059 0.074 0.0640557151713779
"29" 0.009 0.012 0.017 0.0088767743807916
"30" 0.029 0.023 0.035 0.0294951317346417
"31" 0.034 0.039 0.032 0.0384295050871752
"32" 0.003 0.007 0.013 0.003892613468371
"33" 0.027 0.027 0.026 0.0184749985159385
"34" 0.082 0.089 0.093 0.0940657494743633
"35" 0.016 0.009 0.022 0.0106759383642002
"36" 0.489 0.539 0.5 0.518421325733067
"37" 0.001 0.005 0.008 0.00206689675712213
"38" 0.055 0.054 0.05 0.0511612300412241
"39" 0.472 0.486 0.505 0.513074456060155
"40" 0 0 0.001 2.16910995398667e-06
"41" 0.035 0.041 0.057 0.0377365238865334
"42" 0.347 0.34 0.332 0.375707366369768
"43" 0.079 0.095 0.074 0.0834234609400826
"44" 0.215 0.212 0.254 0.263781431004371
"45" 0 0 0.002 0.000181963145904684
"46" 0.393 0.368 0.356 0.411890938813127
"47" 0 0 0 0.000207747741055031
"48" 0.002 0.004 0.004 0.00112192288555502
"49" 0 0.001 0 0.000116623056823029
"50" 0.003 0 0.001 0.000448556209221129
"51" 0.1 0.083 0.099 0.0998811211520362
"52" 0.138 0.123 0.151 0.151252957963907
"53" 0.091 0.116 0.108 0.114063565810589
"54" 0.01 0.011 0.005 0.00370436122795559
"55" 0.003 0.007 0.005 0.00339893271500946
"56" 0.015 0.018 0.013 0.0069094845210631
"57" 0.013 0.012 0.01 0.00608742922469196
"58" 0.001 0.006 0.011 0.00408313544674854
"59" 0.011 0.018 0.016 0.0098382021949367
"60" 0.001 0.002 0.003 0.00025283018490041
"61" 0.086 0.08 0.087 0.0943012479761653
"62" 0 0 0 2.54480061793183e-05
"63" 0.106 0.109 0.126 0.118322651621352
"64" 0.027 0.024 0.027 0.0271130318335866
"65" 0 0 0.002 5.85349721423656e-05
"66" 0.018 0.025 0.027 0.0192450960465729
"67" 0.004 0 0.003 0.00136169503629091
"68" 0.045 0.057 0.058 0.0451004316252217
"69" 0.54 0.54 0.54 0.541979758628704
"70" 0.002 0 0.005 0.000366035514103746
"71" 0 0 0.006 0.000543840604391832
"72" 0.049 0.044 0.045 0.0506089229114504
"73" 0 0.002 0 6.46504807019221e-05
"74" 0.018 0.007 0.016 0.00759267392040242
"75" 0.006 0.007 0.006 0.00292355044523296
"76" 0.043 0.04 0.056 0.0378132137884576
"77" 0.035 0.034 0.029 0.0330283688310745
"78" 0.201 0.193 0.197 0.214517426575083
"79" 0.002 0.001 0.006 0.00204959428568252
"80" 0.001 0.002 0.004 0.000554222394995363
"81" 0.051 0.051 0.041 0.042944498077739
"82" 0.006 0.009 0.012 0.00443321706161148
"83" 0.011 0.008 0.009 0.00754499323250835
"84" 0.173 0.168 0.179 0.205301535459445
"85" 0.011 0.022 0.021 0.0125318638769261
"86" 0.085 0.071 0.092 0.104231118524111
"87" 0.001 0 0.001 0.000109142561563025
"88" 0.156 0.148 0.179 0.184405040037856
"89" 0.028 0.034 0.037 0.0322356736445178
"90" 0.209 0.208 0.216 0.246838420655598
"91" 0.071 0.056 0.061 0.0665396825687706
"92" 0.019 0.012 0.024 0.0165299975260368
"93" 0.003 0.007 0.008 0.00364995757519315
"94" 0.048 0.05 0.039 0.0479622765558457
"95" 0.031 0.026 0.039 0.0281603862388197
"96" 0.007 0.003 0.007 0.00282589015609847
"97" 0 0 0.001 1.30222848632178e-05
"98" 0.021 0.019 0.025 0.0177666651744744
"99" 0 0 0 1.23027674768794e-05
"100" 0.032 0.027 0.025 0.0190560236617268
"101" 0 0 0.003 0.000154677568515615
"102" 0.017 0.014 0.034 0.0166905023989856
"103" 0.002 0.004 0.003 0.000710327342309358
"104" 0.181 0.195 0.174 0.214909037985923
"105" 0.001 0 0.002 3.37458284447312e-05
"106" 0.001 0.005 0.002 0.00117686194052258
"107" 0.004 0.004 0.004 0.00128907675094136
"108" 0.002 0 0.001 0.00141197962848394
"109" 0 0 0.002 0.000165625305819983
"110" 0.051 0.043 0.066 0.0531183441872594
"111" 0.1 0.083 0.1 0.0919739595832434
"112" 0 0 0 8.49641605560336e-06
"113" 0.022 0.02 0.024 0.0169109020199555
"114" 0 0 0 8.47279170214099e-05
"115" 0.102 0.085 0.092 0.121585668223179
"116" 0.003 0.003 0.005 0.00105657464335984
"117" 0.002 0.005 0.007 0.00166267911598517
"118" 0.033 0.034 0.045 0.0438293476277246
"119" 0.017 0.014 0.019 0.0157942699487239
"120" 0.023 0.031 0.032 0.0216727145621685
"121" 0.012 0.014 0.016 0.00974865691833093
"122" 0.399 0.425 0.413 0.4635932947564
"123" 0 0 0 1.69451405825916e-05
"124" 0.027 0.03 0.042 0.0278659833848728
"125" 0.002 0.001 0.002 0.000220266189170593
"126" 0.194 0.165 0.219 0.216674518414155
"127" 0.001 0.003 0.001 0.000430512879395661
"128" 0.095 0.088 0.114 0.110383235523516
"129" 0.002 0.002 0.001 0.000347389789959851
"130" 0.132 0.109 0.121 0.129093310808306
"131" 0 0 0 8.43247727200236e-09
"132" 0 0.004 0.003 0.000153010852040225
"133" 0.004 0.005 0.009 0.00276808943767859
"134" 0.042 0.054 0.04 0.0489936291131543
"135" 0 0.001 0 7.69607204171852e-05
"136" 0.321 0.301 0.278 0.336315662756858
"137" 0 0 0 3.11587792989343e-06
"138" 0.056 0.053 0.058 0.0595163134865857
"139" 0.151 0.143 0.149 0.164138749152181
"140" 0.287 0.301 0.338 0.345263399905769
"141" 0.01 0.008 0.023 0.00980664489943872
"142" 0.032 0.038 0.031 0.0321459263478115
"143" 0.029 0.019 0.032 0.0250485723141572
"144" 0.256 0.273 0.298 0.299224811920362
"145" 0.006 0.005 0.005 0.00197711737355799
"146" 0.022 0.024 0.023 0.0217935999835039
"147" 0.196 0.193 0.195 0.224972967782106
"148" 0.001 0.003 0.008 0.00097438017119722
"149" 0 0.001 0.004 0.000771975939857561
"150" 0.199 0.226 0.214 0.244512527224281
"151" 0.04 0.04 0.034 0.0332892263622058
"152" 0.359 0.346 0.392 0.400069893271502
"153" 0.067 0.065 0.063 0.0658017648447577
"154" 0.215 0.196 0.239 0.23968077899851
"155" 0.022 0.014 0.02 0.0170123183848944
"156" 0.022 0.026 0.035 0.0211713501716541
"157" 0.022 0.027 0.033 0.0231496601892121
"158" 0.061 0.072 0.066 0.0693662413922539
"159" 0.004 0.004 0.004 0.00295503399486352
"160" 0.001 0 0 3.49095897811402e-06
"161" 0 0 0 3.06860695109545e-06
"162" 0.028 0.02 0.02 0.0228420009778167
"163" 0.168 0.19 0.182 0.195272942213963
"164" 0.337 0.316 0.362 0.36549696697604
"165" 0.051 0.055 0.072 0.0496740955483416
"166" 0 0.001 0.002 0.000917741935834715
"167" 0.169 0.199 0.149 0.193039579933524
"168" 0.031 0.016 0.038 0.0231269003659086
"169" 0 0.002 0.001 0.000248977982162391
"170" 0.004 0 0.004 0.000593035505384476
"171" 0.007 0.013 0.022 0.0127135077997259
"172" 0.026 0.02 0.029 0.0214448080766244
"173" 0.234 0.222 0.258 0.252091922421364
"174" 0 0 0 9.98139184317237e-05
"175" 0.074 0.069 0.073 0.0721124643277676
"176" 0 0.001 0 0.000187955054116506
"177" 0.005 0.007 0.003 0.00280510120598343
"178" 0 0 0 4.41952558877245e-05
"179" 0.001 0.006 0.01 0.00139157980739213
"180" 0.341 0.321 0.312 0.371883987275053
"181" 0.062 0.049 0.062 0.0662583047303478
"182" 0.146 0.153 0.149 0.157378896941739
"183" 0.03 0.03 0.029 0.0271465003911646
"184" 0.003 0.004 0.008 0.00167385289778976
"185" 0.034 0.037 0.04 0.0339235625954081
"186" 0.001 0 0 0.000150451252697192
"187" 0.004 0.003 0.003 0.0010736496569046
"188" 0.147 0.131 0.16 0.163905298922765
"189" 0.037 0.032 0.044 0.0288446588754503
"190" 0.001 0.001 0.003 0.000437408652817384
"191" 0.001 0 0.001 0.000156677307999176
"192" 0.001 0.001 0.003 0.00031522960642838
"193" 0.032 0.033 0.041 0.0301306385738186
"194" 0.054 0.047 0.048 0.0472558491129216
"195" 0.164 0.16 0.182 0.204128875238061
"196" 0.07 0.068 0.069 0.0786715830403119
"197" 0.001 0.003 0.003 0.00107894698126754
"198" 0.335 0.382 0.317 0.389736241685537
"199" 0.007 0.018 0.019 0.00914084842543617
"200" 0.03 0.031 0.029 0.0257699835367531
"201" 0.074 0.077 0.08 0.077951841276313
"202" 0.002 0.005 0.005 0.00193287211396531
"203" 0.002 0.003 0.004 0.00184830594775764
"204" 0.01 0.013 0.009 0.00741587538829402
"205" 0.004 0.006 0.007 0.00312567200786806
"206" 0.194 0.162 0.187 0.206265472819128
"207" 0.268 0.243 0.262 0.310551320415866
"208" 0.016 0.019 0.025 0.0182614612187468
"209" 0.089 0.082 0.089 0.0999932336519044
"210" 0.001 0.002 0.001 0.000528987040046447
"211" 0.006 0.001 0.01 0.00246576182877623
"212" 0.238 0.248 0.245 0.280495262114751
"213" 0.071 0.075 0.067 0.0861149310176565
"214" 0 0 0 3.32304702976849e-06
"215" 0.294 0.302 0.307 0.336506867390603
"216" 0 0 0 1.12398979013051e-12
"217" 0.003 0.006 0.008 0.00191242893511845
"218" 0.041 0.03 0.025 0.032763284797049
"219" 0.019 0.029 0.043 0.0255676721328084
"220" 0.004 0.006 0.008 0.00244319858511954
"221" 0.149 0.157 0.155 0.182137361928683
"222" 0.004 0.004 0.004 0.00231652652488856
"223" 0.002 0.002 0.003 0.0003032786335041
"224" 0.008 0.013 0.013 0.00835149407002334
"225" 0 0 0 5.39813657904897e-05
"226" 0.391 0.349 0.373 0.391900311692911
"227" 0.009 0.015 0.017 0.00631175853160459
"228" 0.004 0.005 0.003 0.00130937917539153
"229" 0.054 0.051 0.055 0.054081161550237
"230" 0.018 0.016 0.02 0.0112018952071988
"231" 0.042 0.02 0.045 0.0274117818454552
"232" 0.023 0.037 0.027 0.0237120541211748
"233" 0.011 0.027 0.025 0.0176401695798106
"234" 0 0 0 1.75925241497898e-05
"235" 0.05 0.037 0.038 0.0377375649312095
"236" 0.004 0.001 0.008 0.00154364794803152
"237" 0.081 0.077 0.084 0.0840436538578418
"238" 0.049 0.047 0.054 0.0440381052480142
"239" 0.153 0.159 0.132 0.174996799421351
"240" 0.066 0.06 0.072 0.0735569234887207
"241" 0.012 0.012 0.009 0.0118533526207155
"242" 0.386 0.364 0.389 0.418923471594438
"243" 0.002 0.003 0.003 0.00119012733164181
"244" 0.085 0.11 0.095 0.110070697879824
"245" 0.007 0.002 0.004 0.00186784497145742
"246" 0.008 0.003 0.011 0.00367138942517198
"247" 0.002 0.007 0.01 0.00588398375981247
"248" 0.002 0.004 0.01 0.00196187025836303
"249" 0.002 0 0.002 0.000471664790133164
"250" 0.01 0.02 0.022 0.0108264006986813
"251" 0.001 0 0.002 5.69267863032019e-05
"252" 0.007 0.006 0.004 0.00376975467902052
"253" 0 0.001 0.006 0.00049720857587976
"254" 0.029 0.027 0.032 0.0242995318081688
"255" 0.215 0.2 0.206 0.224120654829377
"256" 0.003 0.004 0.009 0.0037432515074447
"257" 0.017 0.015 0.023 0.0116243739342339
"258" 0.008 0.008 0.008 0.00500362105118302
"259" 0.01 0.011 0.014 0.00809416310070388
"260" 0 0 0 4.69255523694034e-06
"261" 0 0 0 1.07744473343274e-08
"262" 0.009 0.008 0.008 0.00489062609173163
"263" 0.03 0.023 0.026 0.0218486868890344
"264" 0.011 0.007 0.027 0.0132581372397164
"265" 0.004 0.003 0.01 0.00333256896207368
"266" 0.004 0.002 0.007 0.00190110994868764
"267" 0.019 0.008 0.025 0.0143656297788587
"268" 0 0.001 0 4.61882818607595e-05
"269" 0.002 0 0.003 0.000404892515566857
"270" 0.022 0.018 0.022 0.0177584500063329
"271" 0.153 0.18 0.187 0.205695241310176
"272" 0.117 0.112 0.119 0.144168122506812
"273" 0.282 0.283 0.278 0.320191407259079
"274" 0.153 0.152 0.177 0.16515542442762
"275" 0.108 0.103 0.125 0.121353895431152
"276" 0.005 0.011 0.01 0.00645976050106745
"277" 0.225 0.248 0.233 0.264729953245396
"278" 0.007 0.008 0.013 0.00387139518978552
"279" 0.007 0.007 0.007 0.00272164004835906
"280" 0.011 0.016 0.016 0.00981745939204237
"281" 0.012 0.008 0.02 0.00705573701960593
"282" 0 0 0 3.96403050205718e-05
"283" 0.019 0.027 0.037 0.0244044946425802
"284" 0.024 0.019 0.024 0.017749635791607
"285" 0.03 0.026 0.047 0.0293652868658553
"286" 0.086 0.081 0.109 0.0991456338514546
"287" 0.394 0.385 0.416 0.430801881466544
"288" 0.165 0.159 0.169 0.184660945121443
"289" 0.106 0.143 0.119 0.12628709496736
"290" 0.86 0.855 0.87 0.793011688567483
"291" 0.015 0.006 0.019 0.0107172115137536
"292" 0.236 0.228 0.222 0.272068758425356
"293" 0.005 0.001 0.008 0.00212701356975198
"294" 0.003 0.004 0.007 0.00209047237931859
"295" 0.104 0.085 0.107 0.123118863186636
"296" 0.68 0.672 0.695 0.652224905333998
"297" 0.004 0.007 0.009 0.00230889578555304
"298" 0.076 0.052 0.053 0.0635993930734378
"299" 0.092 0.088 0.106 0.11828370758234
"300" 0 0 0 4.91066897811976e-07
"301" 0.134 0.124 0.117 0.164192743982628
"302" 0.002 0 0.001 0.000169132488579304
"303" 0.018 0.006 0.012 0.00949433511231101
"304" 0 0 0.001 5.90865227855231e-05
"305" 0.027 0.035 0.036 0.0298955452667892
"306" 0.07 0.083 0.088 0.0836920641130341
"307" 0.046 0.04 0.051 0.0466568306281905
"308" 0.03 0.021 0.027 0.0153033585912112
"309" 0.131 0.103 0.129 0.140879289164499
"310" 0.043 0.036 0.034 0.0291847289814968
"311" 0 0 0 5.7449081392047e-07
"312" 0.245 0.249 0.224 0.265566548961474
"313" 0.034 0.029 0.024 0.0254604276363481
"314" 0.167 0.173 0.164 0.18398350365475
"315" 0.079 0.085 0.104 0.0995147968579081
"316" 0.044 0.032 0.059 0.0428877592265982
"317" 0 0 0 2.0514580731934e-05
"318" 0 0 0 1.24365217013533e-08
"319" 0.031 0.024 0.025 0.0228768860522327
"320" 0.007 0.007 0.002 0.0024301513076076
"321" 0 0 0 7.82688720079028e-05
"322" 0 0 0 1.07076125743788e-10
"323" 0.021 0.026 0.032 0.0225857763680811
"324" 0.002 0.001 0.002 0.000517387686751025
"325" 0 0 0 9.70107710362988e-06
"326" 0 0 0.001 4.02761315937417e-05
"327" 0.009 0.008 0.011 0.00394118423193246
"328" 0.07 0.085 0.071 0.0761657066646096
"329" 0.235 0.239 0.241 0.278188946229344
"330" 0.001 0.002 0.002 0.000207087814108498
"331" 0.187 0.168 0.19 0.206197829078591
"332" 0.478 0.489 0.486 0.491231530535609
"333" 0.098 0.085 0.107 0.10929325295082
"334" 0.001 0.001 0 7.51648582887343e-05
"335" 0.202 0.206 0.199 0.221515091389415
"336" 0.005 0.005 0.004 0.00237660542048435
"337" 0.101 0.111 0.097 0.117831659954827
"338" 0.015 0.019 0.013 0.0111847926416908
"339" 0.001 0 0 0.000110789235304831
"340" 0.003 0 0.004 0.00063956119216424
"341" 0.001 0.001 0.001 0.000399603703093332
"342" 0.532 0.534 0.568 0.547904730682902
"343" 0.105 0.13 0.124 0.136760839619967
"344" 0 0 0 3.1753260021361e-07
"345" 0.028 0.03 0.027 0.0272540440385088
"346" 0.074 0.061 0.081 0.0798335060090972
"347" 0.118 0.134 0.135 0.139331576245695
"348" 0.005 0.004 0.007 0.00289803989233128
"349" 0.001 0 0.002 0.000253809767993163
"350" 0.274 0.238 0.246 0.284004178623726
"351" 0 0 0 4.14030397744014e-07
"352" 0.069 0.068 0.058 0.0719536967824113
"353" 0.004 0.008 0.004 0.0030205609154762
"354" 0.002 0.005 0.006 0.000955651434566773
"355" 0.007 0.014 0.026 0.0112299872466387
"356" 0.032 0.018 0.024 0.0199610404045506
"357" 0.174 0.196 0.19 0.219977615365047
"358" 0.045 0.043 0.04 0.0379907608536217
"359" 0.002 0.001 0.003 0.000693636043749501
"360" 0 0 0 3.32182467904785e-05
"361" 0.019 0.021 0.02 0.0189310653323561
"362" 0 0 0.003 0.000119401940145036
"363" 0.067 0.053 0.06 0.0579287724406614
"364" 0.076 0.084 0.08 0.0954386972964244
"365" 0.126 0.139 0.138 0.146788348233856
"366" 0.106 0.101 0.123 0.133023538974739
"367" 0.003 0.001 0.004 0.000999299770992113
"368" 0.012 0.02 0.026 0.012801094168407
"369" 0.003 0.005 0.005 0.00194435088141753
"370" 0.288 0.277 0.275 0.305100305986843
"371" 0.008 0.011 0.015 0.00826674123575022
"372" 0.016 0.024 0.019 0.0139899476871876
"373" 0.018 0.014 0.019 0.0134159739657393
"374" 0 0 0 4.01317128750911e-07
"375" 0.002 0.003 0.005 0.000835761127517709
"376" 0.011 0.009 0.015 0.00528322365518819
"377" 0 0 0 2.11735625699205e-07
"378" 0.015 0.014 0.023 0.0160300948634853
"379" 0.001 0.002 0.002 0.000313962137711288
"380" 0.01 0.013 0.015 0.00818749586497791
"381" 0.173 0.187 0.188 0.19547120431169
"382" 0 0 0 1.55286389924569e-06
"383" 0.064 0.048 0.058 0.059136237406604
"384" 0.005 0.009 0.01 0.00501588226894556
"385" 0 0 0 5.94795863451125e-07
"386" 0.132 0.129 0.135 0.142022476513162
"387" 0.139 0.126 0.139 0.147838157718184
"388" 0.041 0.045 0.042 0.0478320923624176
"389" 0.002 0 0 0.00027431623169516
"390" 0.266 0.274 0.28 0.299543428185903
"391" 0.22 0.237 0.242 0.250164540067309
"392" 0.025 0.025 0.031 0.020556474645867
"393" 0.04 0.056 0.047 0.0451224829892913
"394" 0.006 0.002 0.002 0.00153324934536014
"395" 0.46 0.476 0.489 0.492301832482217
"396" 0.128 0.162 0.15 0.172334457261433
"397" 0.065 0.069 0.073 0.0738333458128567
"398" 0.004 0.006 0.007 0.00243703653066607
"399" 0.507 0.506 0.517 0.508546806310188
"400" 0.052 0.049 0.068 0.0533115776895502
"401" 0 0 0 0.000328551226708607
"402" 0.001 0 0 0.000205935972816929
"403" 0 0 0 2.32723094861775e-06
"404" 0.031 0.035 0.035 0.0329309481156624
"405" 0.684 0.709 0.699 0.656920620685181
"406" 0.025 0.017 0.026 0.0199929211200019
"407" 0.041 0.044 0.039 0.0509430773398449
"408" 0.026 0.025 0.026 0.0235837892718059
"409" 0.004 0 0.003 0.000801854329403717
"410" 0 0 0.002 0.000239200781089632
"411" 0 0 0 3.51936735754066e-07
"412" 0 0.001 0.001 0.000105235616310817
"413" 0.023 0.018 0.023 0.0189092809290017
"414" 0.028 0.029 0.026 0.0197664333622232
"415" 0.001 0 0.002 2.02263277085946e-05
"416" 0.145 0.121 0.129 0.14364587664378
"417" 0.032 0.029 0.038 0.0298083304249592
"418" 0.01 0.005 0.007 0.00366110045739954
"419" 0.047 0.032 0.045 0.0375222627898167
"420" 0.047 0.052 0.052 0.0592641942661924
"421" 0.024 0.031 0.04 0.0309141276431942
"422" 0.008 0.008 0.017 0.00528014797717991
"423" 0.255 0.241 0.223 0.257662334306142
"424" 0.025 0.027 0.018 0.0186123994820292
"425" 0.001 0.001 0.007 0.000388082250892374
"426" 0.05 0.056 0.055 0.0515502318273824
"427" 0.027 0.029 0.043 0.0228441280854579
"428" 0.003 0 0.002 0.00024264377475125
"429" 0.65 0.681 0.664 0.642703444148393
"430" 0.001 0 0 0.000109115856582243
"431" 0.023 0.009 0.028 0.014539126948676
"432" 0 0.002 0.001 0.000422259694215499
"433" 0.014 0.007 0.012 0.00698680780615391
"434" 0.001 0 0.003 0.000718682384503233
"435" 0.068 0.046 0.06 0.0516094864828862
"436" 0.768 0.756 0.789 0.709650352350354
"437" 0.061 0.063 0.05 0.057500691542019
"438" 0.019 0.022 0.019 0.0127608294862986
"439" 0.007 0.003 0.012 0.00334329179508819
"440" 0.006 0.01 0.011 0.00635798336298421
"441" 0.57 0.569 0.578 0.567256798683947
"442" 0.002 0.005 0.006 0.00194918027664215
"443" 0 0 0 4.71505629697777e-05
"444" 0.193 0.211 0.219 0.238176223537766
"445" 0.203 0.188 0.185 0.217955662277122
"446" 0.032 0.037 0.037 0.0318890286955924
"447" 0.001 0.001 0.002 0.000181104229050821
"448" 0.001 0 0.002 0.000187487596131852
"449" 0.004 0.008 0.006 0.00338541968775852
"450" 0.001 0.002 0.002 0.00013727357680049
"451" 0.001 0.003 0.009 0.00211893823852149
"452" 0.063 0.067 0.074 0.0605682807845265
"453" 0.163 0.175 0.169 0.194504614776248
"454" 0.027 0.011 0.026 0.0142665480996342
"455" 0.005 0.006 0.008 0.00511221832816311
"456" 0.002 0.01 0.005 0.00286258895868663
"457" 0.234 0.223 0.243 0.249015142836017
"458" 0.001 0.003 0.003 0.000493827401438107
"459" 0.015 0.015 0.019 0.0116652600757794
"460" 0.092 0.086 0.087 0.103640281703069
"461" 0 0 0.001 4.79911865445271e-05
"462" 0 0 0.003 0.00020854546136917
"463" 0.356 0.368 0.373 0.396369626116317
"464" 0 0 0 4.44089209850063e-15
"465" 0.021 0.012 0.029 0.0131122383482846
"466" 0.165 0.182 0.175 0.195884653624232
"467" 0.001 0.002 0.005 0.000611447231368745
"468" 0 0 0.001 6.10970993899507e-05
"469" 0 0 0 2.90485205715063e-05
"470" 0.048 0.052 0.075 0.0544836372633997
"471" 0.008 0.003 0.01 0.00519167160677325
"472" 0.378 0.386 0.386 0.423635198293791
"473" 0 0.001 0.001 7.64458182112016e-06
"474" 0 0 0.003 0.000224691752283013
"475" 0.046 0.059 0.063 0.0633244591920973
"476" 0.003 0.003 0.006 0.00176592078876503
"477" 0.004 0.007 0.009 0.00349856196892806
"478" 0.56 0.562 0.558 0.556230817242157
"479" 0 0 0.001 9.87496353884731e-05
"480" 0.007 0.002 0.009 0.00235843276696868
"481" 0.315 0.307 0.296 0.333676403194966
"482" 0.018 0.013 0.009 0.00747958737483456
"483" 0.108 0.103 0.112 0.13264068497039
"484" 0.004 0.008 0.014 0.00343811556691054
"485" 0.029 0.037 0.029 0.0210234189800701
"486" 0.34 0.317 0.336 0.38123189254783
"487" 0.035 0.025 0.032 0.0334720623852613
"488" 0.035 0.042 0.053 0.0365975443450653
"489" 0.002 0.002 0.003 0.00179959285245579
"490" 0.001 0.001 0 2.7979587517879e-05
"491" 0.111 0.138 0.155 0.143615690810052
"492" 0.021 0.028 0.025 0.0115573411042493
"493" 0.009 0.005 0.009 0.00745434992428518
"494" 0 0 0 1.54069861713069e-06
"495" 0.002 0.001 0.002 0.000399265312302055
"496" 0.008 0.01 0.006 0.00620158370882329
"497" 0.09 0.095 0.088 0.110636293049942
"498" 0.044 0.053 0.078 0.0628890028954205
"499" 0.119 0.106 0.113 0.134795437343511
"500" 0.591 0.588 0.58 0.576456126207891
"501" 0.04 0.033 0.043 0.0323057422825412
"502" 0.014 0.019 0.017 0.0139103505549079
"503" 0.003 0 0.001 0.000223691250348934
"504" 0.385 0.352 0.38 0.396431990391909
"505" 0.099 0.065 0.103 0.100082021701354
"506" 0.158 0.167 0.175 0.198689636275546
"507" 0 0.003 0.004 0.00122782176022052
"508" 0.007 0.007 0.004 0.00225203402824348
"509" 0.003 0.001 0.003 0.00104936832394897
"510" 0.013 0.012 0.014 0.011639378807391
"511" 0 0 0.003 0.00100093698973081
"512" 0.007 0.014 0.016 0.007331488006318
"513" 0.05 0.055 0.062 0.0584731863081253
"514" 0.256 0.252 0.274 0.276471689350063
"515" 0.762 0.767 0.768 0.72522269425418
"516" 0.008 0.015 0.013 0.00616542367196748
"517" 0.136 0.148 0.148 0.162140337477265
"518" 0.012 0.017 0.018 0.0146607000274239
"519" 0.006 0.011 0.008 0.00466437505236972
"520" 0.176 0.142 0.181 0.192232870077817
"521" 0 0 0 1.86956335683774e-05
"522" 0 0.002 0.002 0.000311789828907227
"523" 0.116 0.122 0.126 0.138847762628304
"524" 0.013 0.007 0.013 0.0046637334805173
"525" 0.001 0 0.002 0.000266685051652282
"526" 0.169 0.166 0.17 0.19876322393532
"527" 0.229 0.226 0.235 0.276675877691597
"528" 0 0 0.001 4.72348322474447e-05
"529" 0.858 0.841 0.883 0.77163102883752
"530" 0.052 0.041 0.046 0.0443229958490496
"531" 0.116 0.13 0.14 0.151434660666685
"532" 0.008 0.004 0.011 0.00476816851653605
"533" 0.161 0.171 0.173 0.193219090423274
"534" 0.002 0.005 0.007 0.00163317474227453
"535" 0.001 0.002 0.007 0.000378201477070017
"536" 0.069 0.072 0.062 0.0738095071528069
"537" 0.042 0.043 0.043 0.0346553456785897
"538" 0.015 0.016 0.021 0.0126587809224854
"539" 0.003 0.001 0.007 0.00115902422003222
"540" 0.066 0.046 0.058 0.0572376889215245
"541" 0 0 0 9.78685661134904e-06
"542" 0 0.004 0.005 0.00065146759473933
"543" 0.187 0.192 0.191 0.232076760327243
"544" 0.002 0.003 0.001 0.00039575814271231
"545" 0.015 0.014 0.021 0.0134934766806664
"546" 0.002 0.003 0.002 0.000488779643087467
"547" 0.262 0.228 0.266 0.2838757919568
"548" 0.217 0.211 0.246 0.25074218986888
"549" 0.003 0.003 0.002 0.000860244043112468
"550" 0.279 0.296 0.302 0.345329550853656
"551" 0.024 0.026 0.041 0.0246539992537772
"552" 0.127 0.144 0.104 0.142420834438671
"553" 0.282 0.297 0.277 0.315379560001818
"554" 0.023 0.011 0.022 0.0147143442730288
"555" 0 0 0 2.82715696520164e-06
"556" 0.002 0.001 0.001 0.000407233330581569
"557" 0.078 0.089 0.081 0.0843761045518742
"558" 0.39 0.392 0.404 0.410616468293372
"559" 0.002 0.001 0.001 0.000707533604183852
"560" 0.008 0.008 0.004 0.00307209932815744
"561" 0.018 0.016 0.012 0.0124831985149464
"562" 0.015 0.012 0.013 0.0125094861539521
"563" 0.034 0.025 0.032 0.0274062788282194
"564" 0.003 0 0.001 0.00021714368633341
"565" 0.027 0.016 0.03 0.0174139518286301
"566" 0.13 0.101 0.131 0.138473454536875
"567" 0.013 0.034 0.025 0.020335644353326
"568" 0.005 0.003 0.007 0.00407865591791456
"569" 0 0 0.001 3.01526221238024e-05
"570" 0.004 0.007 0.011 0.00560111767982463
"571" 0.044 0.028 0.047 0.0441664509200825
"572" 0.086 0.073 0.082 0.0766801709634366
"573" 0.155 0.148 0.164 0.165461020073598
"574" 0.012 0.012 0.014 0.00642159895602845
"575" 0.009 0.005 0.01 0.00439171299799201
"576" 0.019 0.018 0.023 0.0171653317188069
"577" 0.002 0.006 0.007 0.00316406970738126
"578" 0.163 0.151 0.161 0.179024510975
"579" 0.039 0.029 0.041 0.0288875802226709
"580" 0.186 0.187 0.195 0.220720367322228
"581" 0.029 0.025 0.042 0.0220180116567221
"582" 0.286 0.282 0.275 0.304021602301722
"583" 0.004 0.002 0.008 0.0023517340730228
"584" 0.026 0.03 0.025 0.0217719740402096
"585" 0.031 0.019 0.021 0.0214275725833654
"586" 0.013 0.008 0.011 0.00619242171880774
"587" 0 0 0 3.3482189415901e-05
"588" 0.001 0.006 0.005 0.00151795932821097
"589" 0.156 0.136 0.187 0.182989169941776
"590" 0.396 0.413 0.403 0.427714083151192
"591" 0.024 0.015 0.028 0.0163160030758921
"592" 0 0.001 0.001 0.000199396256900797
"593" 0.052 0.043 0.056 0.0393666852195479
"594" 0.046 0.044 0.042 0.0507079791425009
"595" 0.082 0.087 0.083 0.0830824189624154
"596" 0.011 0.006 0.01 0.00704366351460717
"597" 0 0 0 1.37633745178611e-07
"598" 0.008 0.005 0.011 0.00358840849195985
"599" 0.186 0.188 0.184 0.196809919999702
"600" 0.018 0.031 0.036 0.025810420996336
"601" 0 0.002 0.002 0.00028222331098493
"602" 0.281 0.308 0.314 0.325887737909179
"603" 0 0 0.001 5.27599291179071e-05
"604" 0.001 0.003 0.002 0.000495422488323016
"605" 0.028 0.048 0.045 0.0339265775942754
"606" 0.008 0.006 0.006 0.00246651661928565
"607" 0.158 0.211 0.179 0.193642956706522
"608" 0.039 0.044 0.038 0.035886387203275
"609" 0.109 0.093 0.095 0.0961077351832239
"610" 0.046 0.051 0.057 0.0490644348904269
"611" 0.053 0.059 0.056 0.0562906560855259
"612" 0.001 0.002 0 0.00038537282837936
"613" 0.017 0.018 0.029 0.0170571700231223
"614" 0 0 0 7.69366285162665e-05
"615" 0.031 0.038 0.038 0.0309148124884235
"616" 0.001 0.002 0.001 0.000393838915965117
"617" 0.012 0.01 0.009 0.00457854903910027
"618" 0.046 0.041 0.053 0.0474996767779904
"619" 0.013 0.017 0.028 0.0142920565213528
"620" 0.031 0.032 0.036 0.0292919572752215
"621" 0 0.001 0.004 0.000206319121546783
"622" 0.111 0.093 0.101 0.118399331775377
"623" 0.685 0.662 0.693 0.655765183813943
"624" 0.083 0.07 0.075 0.0810023845942753
"625" 0 0 0.001 8.85575533291494e-05
"626" 0.002 0.001 0.001 0.000154350681300319
"627" 0.018 0.019 0.023 0.017280370355117
"628" 0.004 0.006 0.002 0.0017330953059902
"629" 0.022 0.019 0.024 0.0179142749625788
"630" 0.005 0.004 0.012 0.00558584830370512
"631" 0.506 0.492 0.524 0.510854089798507
"632" 0.083 0.084 0.077 0.0829000803607232
"633" 0.088 0.082 0.096 0.107230546653729
"634" 0.335 0.356 0.381 0.386670306574143
"635" 0.009 0.014 0.01 0.00416831509172988
"636" 0 0 0 1.54720736222913e-09
"637" 0.416 0.405 0.403 0.432605765119215
"638" 0.055 0.045 0.065 0.0543685619072966
"639" 0.032 0.035 0.04 0.038540616182021
"640" 0.034 0.028 0.052 0.0399354213333802
"641" 0.088 0.098 0.079 0.0935914329084928
"642" 0.432 0.43 0.447 0.470236927223404
"643" 0.05 0.057 0.072 0.0607438294110096
"644" 0.002 0.003 0.004 0.0015742427799651
"645" 0.034 0.024 0.032 0.0238560023816028
"646" 0.198 0.197 0.187 0.220291562498985
"647" 0.62 0.613 0.618 0.601607508407433
"648" 0.076 0.066 0.071 0.0769951714130482
"649" 0.035 0.052 0.058 0.0566370974423587
"650" 0.112 0.116 0.118 0.108598184626139
"651" 0.196 0.211 0.253 0.253966316943196
"652" 0.045 0.051 0.038 0.0462588438069393
"653" 0.002 0.004 0.003 0.00141267789098398
"654" 0.066 0.059 0.053 0.0625402314175151
"655" 0.014 0.019 0.029 0.0118438582137214
"656" 0.003 0.004 0.004 0.00358986803151007
"657" 0.001 0.002 0.001 0.000350763586799085
"658" 0.093 0.084 0.058 0.0780664690249888
"659" 0.082 0.06 0.078 0.073823072724903
"660" 0 0 0 8.79271316087671e-05
"661" 0.01 0.01 0.014 0.00587574195227325
"662" 0.619 0.603 0.643 0.611683308511085
"663" 0.073 0.084 0.095 0.0849584197048736
"664" 0.299 0.284 0.314 0.325017834620038
"665" 0.003 0.008 0.004 0.00198070256919336
"666" 0.001 0 0.002 0.000251728328814371
"667" 0.14 0.144 0.154 0.174033097751459
"668" 0.011 0.011 0.022 0.00914183506729949
"669" 0.015 0.019 0.02 0.0108921399481992
"670" 0.095 0.095 0.088 0.111851248705531
"671" 0.439 0.415 0.454 0.456958244451492
"672" 0.119 0.097 0.113 0.112964245928212
"673" 0.02 0.017 0.022 0.0168471477773806
"674" 0.004 0.012 0.016 0.00560353981154282
"675" 0.004 0.001 0.005 0.00292676129232494
"676" 0.002 0.002 0.002 0.000468384626333918
"677" 0.101 0.124 0.124 0.121940837891953
"678" 0.003 0.001 0.001 0.000650683514419437
"679" 0.085 0.077 0.063 0.0781943426416818
"680" 0.075 0.073 0.087 0.0870903463371703
"681" 0.028 0.02 0.028 0.0236995766189079
"682" 0.003 0.001 0.004 0.00103026454832567
"683" 0.001 0.004 0.002 0.000313271627104927
"684" 0.106 0.105 0.121 0.11507655021153
"685" 0.003 0.003 0.012 0.00185809473197063
"686" 0.08 0.068 0.075 0.0710902128981736
"687" 0.005 0.003 0.003 0.00344472074857882
"688" 0.015 0.02 0.024 0.0130639381129513
"689" 0.009 0.01 0.017 0.00856366291058597
"690" 0.411 0.403 0.425 0.426672400699495
"691" 0.009 0.01 0.019 0.00709310158370779
"692" 0.017 0.03 0.026 0.019972026471216
"693" 0.114 0.102 0.094 0.108484785702328
"694" 0.008 0.003 0.006 0.0021097854409089
"695" 0.264 0.298 0.289 0.316414401211208
"696" 0.005 0.005 0.005 0.00307621997403529
"697" 0.144 0.132 0.141 0.152207661175523
"698" 0 0 0.001 9.83700196421911e-06
"699" 0.065 0.069 0.09 0.0717680935080087
"700" 0 0 0 7.6688332228958e-07
"701" 0.049 0.062 0.071 0.0585618172870225
"702" 0.635 0.621 0.651 0.611685039708113
"703" 0.12 0.112 0.111 0.131411660707308
"704" 0.381 0.392 0.387 0.415636972194338
"705" 0.252 0.24 0.246 0.270278667217175
"706" 0.003 0.002 0.003 0.000721384254847246
"707" 0.096 0.091 0.089 0.0915419571942219
"708" 0.326 0.321 0.332 0.35889544715714
"709" 0.073 0.075 0.103 0.0976022635794227
"710" 0 0 0 3.62978938017733e-08
"711" 0.005 0.003 0.004 0.00244149535641303
"712" 0.042 0.04 0.048 0.0445950961105839
"713" 0.006 0.007 0.016 0.00694540217248596
"714" 0.013 0.014 0.016 0.0127550587655533
"715" 0.008 0.01 0.005 0.00414056648179661
"716" 0.084 0.092 0.081 0.0897554585920501
"717" 0.003 0 0.003 0.00142239720891435
"718" 0.028 0.04 0.031 0.0346682254795386
"719" 0.131 0.141 0.132 0.146376205458842
"720" 0.015 0.016 0.012 0.00933550339281164
"721" 0.608 0.614 0.627 0.590401011712218
"722" 0.47 0.486 0.478 0.494252282877591
"723" 0 0.001 0 0.000101934670332815
"724" 0.058 0.059 0.051 0.0591881469794088
"725" 0.51 0.521 0.482 0.519921281756885
"726" 0.412 0.394 0.409 0.425093110907675
"727" 0.077 0.058 0.081 0.0729231398994958
"728" 0 0 0 1.36404332343742e-05
"729" 0 0 0 5.25219134150934e-05
"730" 0.001 0.002 0.005 0.000883510335276005
"731" 0.128 0.132 0.137 0.148010087750782
"732" 0.001 0.001 0.001 0.00016722104037048
"733" 0.051 0.048 0.068 0.055120886432758
"734" 0 0 0.002 3.05053059381777e-05
"735" 0.015 0.012 0.01 0.01195840417503
"736" 0.027 0.019 0.019 0.0206653193113489
"737" 0.001 0.001 0.001 0.000549234340094795
"738" 0.604 0.599 0.607 0.579872196936078
"739" 0.146 0.132 0.149 0.155243221378958
"740" 0.041 0.046 0.055 0.0480778137715027
"741" 0.004 0.001 0.003 0.00107514758380367
"742" 0.039 0.042 0.06 0.0407702756649189
"743" 0.362 0.341 0.334 0.36987876919229
"744" 0.097 0.1 0.108 0.116339431718178
"745" 0.001 0.001 0.004 0.000855778867242529
"746" 0 0 0 6.34385888265143e-09
"747" 0.224 0.228 0.224 0.278765918940536
"748" 0 0 0.002 0.000229442885073983
"749" 0.005 0 0.002 0.000481131125149359
"750" 0.126 0.148 0.131 0.139965185436348
"751" 0.025 0.029 0.031 0.0252648867201173
"752" 0.284 0.271 0.269 0.312551534007785
"753" 0.001 0 0.004 0.000467214466576937
"754" 0.05 0.042 0.045 0.0504002356528503
"755" 0.001 0.001 0.003 0.000268989068187397
"756" 0.032 0.023 0.037 0.0243473377271538
"757" 0.397 0.43 0.426 0.445234947226946
"758" 0.021 0.015 0.013 0.0093685387110215
"759" 0.004 0.004 0.005 0.00238659240307437
"760" 0 0.001 0.002 0.000162732070776772
"761" 0 0.002 0 9.3088789548279e-05
"762" 0.015 0.015 0.02 0.0148233605391667
"763" 0.002 0.002 0.009 0.00134223881393414
"764" 0.196 0.184 0.197 0.211261561952326
"765" 0.077 0.075 0.068 0.0802036077854237
"766" 0.07 0.085 0.082 0.0874814976401808
"767" 0 0 0 0.000178694086202968
"768" 0.042 0.034 0.034 0.0370318401662835
"769" 0.006 0.001 0.002 0.00191938600323638
"770" 0.016 0.012 0.011 0.00767719805244371
"771" 0 0 0 6.34816561584373e-06
"772" 0.016 0.016 0.016 0.00883103700863275
"773" 0.001 0 0.001 0.000160523074419827
"774" 0.014 0.015 0.025 0.0112898460259125
"775" 0 0 0 1.33943522939717e-09
"776" 0 0 0 7.89825496561036e-07
"777" 0.431 0.437 0.439 0.465743244868519
"778" 0.109 0.112 0.114 0.11690875139081
"779" 0 0.001 0 1.23646178374903e-05
"780" 0.633 0.614 0.613 0.613413998513725
"781" 0.132 0.14 0.134 0.147681129367301
"782" 0.017 0.014 0.015 0.0110484353434241
"783" 0.022 0.012 0.031 0.0136289845928959
"784" 0.072 0.074 0.076 0.0752854474907337
"785" 0.005 0.008 0.008 0.00309873703816865
"786" 0.313 0.302 0.312 0.343208501159173
"787" 0.044 0.042 0.03 0.0437105029427916
"788" 0.158 0.191 0.164 0.205241717197483
"789" 0.026 0.028 0.026 0.0192515505538192
"790" 0 0 0.001 0.000253017800193156
"791" 0.003 0.004 0.006 0.0020437838700903
"792" 0.554 0.552 0.544 0.555720921138874
"793" 0.016 0.009 0.017 0.0113276692156354
"794" 0.387 0.411 0.379 0.413400400541438
"795" 0.284 0.303 0.299 0.327707682605948
"796" 0.241 0.264 0.288 0.283818966928715
"797" 0.003 0.005 0.004 0.00146122688084571
"798" 0.491 0.509 0.496 0.517982786606956
"799" 0 0 0 3.69946226652651e-07
"800" 0.085 0.09 0.101 0.103440080030844
"801" 0 0 0 1.39207451455015e-07
"802" 0.001 0.002 0.001 0.000872169096154507
"803" 0.092 0.096 0.08 0.0945236958499549
"804" 0 0.001 0 6.22985294018719e-07
"805" 0.001 0.001 0.002 0.000136248014690032
"806" 0.025 0.025 0.028 0.0283343964309043
"807" 0.079 0.086 0.107 0.0934214190518587
"808" 0.022 0.029 0.026 0.0177515064848066
"809" 0.003 0.004 0.012 0.00409809954704987
"810" 0.023 0.032 0.035 0.0310261761789407
"811" 0.496 0.487 0.544 0.51576082104302
"812" 0 0.001 0 3.20335907909586e-05
"813" 0.415 0.392 0.433 0.449717713331625
"814" 0 0 0 5.64430320426634e-06
"815" 0.032 0.04 0.032 0.0325030882877665
"816" 0.136 0.13 0.139 0.158176766934664
"817" 0.01 0.015 0.014 0.0098373588582068
"818" 0.029 0.038 0.035 0.0300142511491669
"819" 0 0 0 2.95420683005254e-06
"820" 0.044 0.044 0.04 0.0381302844600349
"821" 0.144 0.155 0.144 0.173416886390608
"822" 0.04 0.038 0.041 0.041602200612561
"823" 0.106 0.114 0.093 0.121199178387436
"824" 0.001 0 0.004 0.000443233268263454
"825" 0.013 0.023 0.023 0.0137000148347699
"826" 0 0 0 3.04647762616739e-05
"827" 0.07 0.088 0.07 0.0726400796515694
"828" 0.3 0.283 0.305 0.334697254371364
"829" 0.004 0.006 0.008 0.00291595874982498
"830" 0 0 0 1.10782261142361e-09
"831" 0.279 0.265 0.253 0.310005058523933
"832" 0.002 0.001 0.001 0.00123994460343069
"833" 0.06 0.057 0.069 0.0685356421243638
"834" 0.033 0.04 0.044 0.0285669071545583
"835" 0.005 0.002 0.002 0.0012567467300354
"836" 0 0 0 7.51398326226393e-07
"837" 0.024 0.021 0.027 0.0194306151577052
"838" 0.221 0.19 0.194 0.240808638403438
"839" 0.002 0 0.002 0.000461689273998589
"840" 0.048 0.055 0.051 0.0497341086099439
"841" 0.003 0.007 0.006 0.00276358260703602
"842" 0.246 0.227 0.264 0.295739434007429
"843" 0.348 0.323 0.33 0.371634493967444
"844" 0.001 0 0.004 0.000767014695802315
"845" 0.015 0.011 0.015 0.00963270760241308
"846" 0.029 0.027 0.033 0.0245084077262215
"847" 0.012 0.005 0.013 0.00682681198885937
"848" 0.338 0.313 0.317 0.342240411097004
"849" 0 0 0.001 1.38623161592966e-05
"850" 0.049 0.041 0.055 0.0496483537426629
"851" 0.031 0.045 0.045 0.0343727095107552
"852" 0.019 0.023 0.034 0.019137929067785
"853" 0.001 0.004 0.008 0.00302461631035389
"854" 0.245 0.251 0.261 0.277129133674388
"855" 0.047 0.042 0.047 0.0478229916936413
"856" 0.001 0 0 0.000142341893363707
"857" 0 0 0.001 1.30370489888065e-05
"858" 0.003 0.003 0.006 0.00241510686286761
"859" 0.041 0.036 0.046 0.0394986624181792
"860" 0.01 0.013 0.01 0.00581021410755034
"861" 0.025 0.017 0.032 0.021819811247241
"862" 0.015 0.014 0.013 0.00851344010206778
"863" 0.015 0.033 0.025 0.0156207672548967
"864" 0.029 0.032 0.025 0.0229806050609719
"865" 0.004 0.006 0.005 0.00242375201806799
"866" 0.016 0.018 0.021 0.0118765734426985
"867" 0 0.001 0.002 1.44312951174674e-05
"868" 0.018 0.021 0.019 0.0125755612439388
"869" 0.027 0.029 0.022 0.023494298258674
"870" 0.012 0.006 0.01 0.00751885159623034
"871" 0.31 0.319 0.297 0.336561393783208
"872" 0.003 0.001 0.005 0.00171257824192972
"873" 0 0 0 3.03403745460784e-08
"874" 0.023 0.021 0.019 0.0167054459834519
"875" 0.096 0.088 0.078 0.0904441302203929
"876" 0.287 0.318 0.327 0.349993191956085
"877" 0.144 0.136 0.132 0.150739784860115
"878" 0.029 0.022 0.036 0.0232491143319811
"879" 0.014 0.006 0.016 0.00629716011422143
"880" 0.006 0.007 0.009 0.00326650073194934
"881" 0.04 0.04 0.054 0.0384305762682999
"882" 0.209 0.207 0.214 0.24696804291668
"883" 0.334 0.319 0.346 0.366968183424014
"884" 0.065 0.064 0.083 0.0683012218018767
"885" 0.002 0.003 0.011 0.00172489966611222
"886" 0.421 0.41 0.423 0.444624693250766
"887" 0 0 0 2.91656451230082e-05
"888" 0.02 0.018 0.022 0.0144501034737269
"889" 0.02 0.026 0.026 0.0165853533540271
"890" 0.456 0.452 0.459 0.48240091638141
"891" 0.476 0.522 0.486 0.497212991015846
"892" 0.094 0.095 0.105 0.0909622614957701
"893" 0.025 0.021 0.036 0.0192855006524488
"894" 0.003 0 0.003 0.000253421381817942
"895" 0.009 0.002 0.015 0.00571025657059987
"896" 0.158 0.156 0.168 0.181833905159988
"897" 0.088 0.095 0.069 0.090910653815278
"898" 0.003 0.009 0.011 0.00361393708082014
"899" 0.01 0.015 0.009 0.011940178724775
"900" 0.001 0 0 9.1057212300405e-05
"901" 0.015 0.011 0.021 0.0132145086933156
"902" 0.049 0.04 0.046 0.0376834895594635
"903" 0.003 0.004 0.001 0.000532835014928734
"904" 0.049 0.027 0.036 0.0398306599938997
"905" 0 0 0 1.26873619277212e-07
"906" 0.023 0.023 0.013 0.016970244396568
"907" 0 0.004 0.005 0.000930905251896763
"908" 0.095 0.071 0.088 0.0983383805105116
"909" 0.001 0.002 0.003 0.000586883989085796
"910" 0.288 0.32 0.319 0.313598300539958
"911" 0.034 0.043 0.039 0.0356656579041603
"912" 0.089 0.094 0.092 0.10062090833666
"913" 0.031 0.032 0.037 0.0290642608924021
"914" 0.012 0.013 0.017 0.00702596314155302
"915" 0.001 0 0.001 0.000144569257216842
"916" 0.004 0.005 0.007 0.00381986829014069
"917" 0.197 0.187 0.171 0.217306120339268
"918" 0.009 0.01 0.01 0.00612844651198452
"919" 0.049 0.056 0.061 0.0520249297839963
"920" 0.005 0.005 0.008 0.00381022621636262
"921" 0.335 0.339 0.343 0.367018640593644
"922" 0.002 0.006 0.007 0.0016747550234506
"923" 0.037 0.035 0.046 0.0389865707374124
"924" 0.119 0.119 0.125 0.129180906505002
"925" 0.076 0.08 0.075 0.0834742233743272
"926" 0.014 0.02 0.025 0.0228188795379598
"927" 0.405 0.376 0.382 0.429187459572046
"928" 0.002 0.001 0.004 0.00042204317241068
"929" 0.02 0.026 0.031 0.0208890117156652
"930" 0.024 0.024 0.029 0.0224193825369745
"931" 0.001 0.003 0.004 0.000645334047119084
"932" 0.017 0.015 0.021 0.00871750007238326
"933" 0.002 0.002 0.002 0.000633826729433129
"934" 0.608 0.611 0.626 0.593889626335875
"935" 0.149 0.193 0.178 0.20168773046664
"936" 0.073 0.068 0.087 0.0775060418488897
"937" 0 0 0.001 6.34852735347247e-05
"938" 0.016 0.009 0.021 0.0125652337602054
"939" 0.12 0.102 0.105 0.117813801528872
"940" 0 0.001 0 6.92122448574528e-05
"941" 0.108 0.09 0.1 0.11577400815283
"942" 0.139 0.159 0.146 0.172787299818674
"943" 0.019 0.014 0.021 0.0144810324775063
"944" 0.029 0.021 0.034 0.0236711589311253
"945" 0.004 0.003 0.006 0.00158968439260176
"946" 0.006 0.003 0.007 0.00240738512146976
"947" 0.008 0.014 0.019 0.0111509548403063
"948" 0 0 0 1.56848218693106e-05
"949" 0.069 0.072 0.085 0.0900292439216284
"950" 0.048 0.045 0.039 0.0410083237537961
"951" 0.182 0.174 0.159 0.200297298423686
"952" 0.001 0 0 0.000119586832384666
"953" 0.195 0.193 0.189 0.214158013516611
"954" 0.142 0.155 0.164 0.15300052433312
"955" 0.088 0.081 0.088 0.0938469859539866
"956" 0.124 0.097 0.118 0.113819693130379
"957" 0.722 0.737 0.753 0.700261626802172
"958" 0.003 0.003 0.006 0.00192395377860266
"959" 0.124 0.128 0.124 0.135029261675282
"960" 0 0 0 1.10981415502032e-07
"961" 0.129 0.124 0.129 0.132368412491405
"962" 0.009 0.005 0.006 0.00434820312878292
"963" 0.068 0.046 0.063 0.0526409802827364
"964" 0.128 0.157 0.154 0.164437316426923
"965" 0.001 0 0 0.000188526454345639
"966" 0.012 0.015 0.024 0.00987980272035938
"967" 0.317 0.318 0.301 0.324305145937544
"968" 0.009 0.003 0.009 0.00348024300823613
"969" 0 0 0 1.33427325409441e-05
"970" 0.001 0.002 0.001 0.00134216258762054
"971" 0.002 0 0.003 0.000818422572362865
"972" 0.046 0.029 0.045 0.0349774381528826
"973" 0.283 0.287 0.276 0.323248571287205
"974" 0.024 0.034 0.042 0.0232688799081382
"975" 0.007 0.015 0.015 0.00889593420427792
"976" 0 0 0 8.19719376765615e-06
"977" 0.513 0.45 0.496 0.497210139175817
"978" 0.013 0.017 0.025 0.0142755933529591
"979" 0.157 0.158 0.153 0.159589163107441
"980" 0.365 0.338 0.37 0.399691354331263
"981" 0.006 0.01 0.017 0.0104122393885484
"982" 0.104 0.094 0.096 0.0957514782022388
"983" 0.205 0.217 0.189 0.225479622008006
"984" 0.047 0.055 0.058 0.0572948896587194
"985" 0.395 0.385 0.381 0.402161671860214
"986" 0.029 0.036 0.046 0.0342625367516292
"987" 0.058 0.07 0.063 0.0754006182620734
"988" 0.207 0.218 0.186 0.235026671597111
"989" 0.171 0.191 0.194 0.211162921244397
"990" 0.005 0.006 0.004 0.00142858905545518
"991" 0 0 0 2.20876441614504e-06
"992" 0 0 0 4.70647954942116e-07
"993" 0.007 0.004 0.008 0.00380780326738284
"994" 0.016 0.007 0.014 0.00712175935310067
"995" 0 0 0 1.05548228097607e-05
"996" 0 0.002 0.002 0.000153016615096591
"997" 0.022 0.014 0.02 0.0112597668822335
"998" 0.178 0.202 0.182 0.200732636216743
"999" 0.042 0.052 0.059 0.0584675637129826
"1000" 0.047 0.047 0.056 0.0361779931488501
