"A" "B" "P" "BT"
"1" 0.172 0.135 0.161 0.1749400798581
"2" 0.001 0.001 0.004 0.000686586959940172
"3" 0 0.001 0 0.000179938473623298
"4" 0.261 0.266 0.273 0.312669856800172
"5" 0.021 0.026 0.027 0.0191542629511069
"6" 0.245 0.253 0.236 0.261065578983698
"7" 0.086 0.086 0.086 0.0858632520638978
"8" 0 0 0 1.7137963059799e-06
"9" 0.058 0.053 0.055 0.0557310604128975
"10" 0 0.003 0.004 0.00103914019017903
"11" 0.001 0 0.002 8.1676211098558e-05
"12" 0.028 0.026 0.033 0.0203408123509601
"13" 0 0.001 0 2.10331098935423e-05
"14" 0.32 0.298 0.346 0.357987863630939
"15" 0.443 0.456 0.47 0.480393799826669
"16" 0.033 0.039 0.033 0.0292708246004812
"17" 0.01 0.006 0.004 0.00578644537705597
"18" 0.005 0.008 0.007 0.00554157689402746
"19" 0.055 0.042 0.044 0.0467192038024198
"20" 0.198 0.193 0.196 0.215805566656551
"21" 0.324 0.367 0.341 0.377135824973276
"22" 0.013 0.013 0.013 0.0074542552521264
"23" 0.018 0.015 0.016 0.0104849604361157
"24" 0.216 0.227 0.211 0.237916005817944
"25" 0.118 0.121 0.127 0.139680306482274
"26" 0.484 0.489 0.523 0.520899167223851
"27" 0.081 0.094 0.068 0.0821295958304322
"28" 0 0 0 4.72682874308461e-06
"29" 0.077 0.079 0.089 0.086260032333666
"30" 0.035 0.037 0.03 0.0332209861314452
"31" 0 0 0 7.02897749638165e-06
"32" 0.415 0.394 0.429 0.453447661945855
"33" 0.005 0.001 0.008 0.00267210323937106
"34" 0.344 0.332 0.312 0.361516245041193
"35" 0.496 0.516 0.486 0.517344788783803
"36" 0.037 0.038 0.046 0.0369333627637456
"37" 0.002 0.001 0.003 0.000503446779466343
"38" 0.007 0.004 0.008 0.00371669502742489
"39" 0.023 0.024 0.031 0.019978698524274
"40" 0.033 0.019 0.034 0.0267327093544287
"41" 0.046 0.04 0.047 0.0445697037656024
"42" 0.016 0.011 0.01 0.00853737176307656
"43" 0.035 0.048 0.051 0.0405553031911938
"44" 0.031 0.028 0.04 0.0315517152659539
"45" 0.004 0.001 0.007 0.00307244681934349
"46" 0.002 0.003 0.003 0.000923932571279096
"47" 0.08 0.069 0.084 0.075197645137128
"48" 0.058 0.043 0.052 0.0463225198455853
"49" 0.053 0.074 0.081 0.0652543312704433
"50" 0.104 0.111 0.115 0.10648284777772
"51" 0.515 0.575 0.532 0.538703864273482
"52" 0.016 0.023 0.027 0.0171184243548709
"53" 0.001 0.001 0.003 0.000394250103144977
"54" 0.167 0.154 0.139 0.151872495051256
"55" 0.334 0.344 0.35 0.369925204097415
"56" 0.261 0.268 0.275 0.318862425703909
"57" 0.059 0.073 0.087 0.0895310397433563
"58" 0.026 0.032 0.026 0.0211088948623284
"59" 0.001 0 0.001 0.00022354864997165
"60" 0.578 0.576 0.626 0.592135774218169
"61" 0.542 0.504 0.511 0.53094929809747
"62" 0.72 0.7 0.725 0.670040766098533
"63" 0.035 0.027 0.03 0.0267030799275366
"64" 0.007 0.01 0.009 0.00771418569868498
"65" 0.007 0.008 0.016 0.00623197369710371
"66" 0.031 0.029 0.042 0.0340616869988241
"67" 0.038 0.032 0.044 0.0302293995763275
"68" 0.006 0.015 0.014 0.0125225287118218
"69" 0.013 0.015 0.017 0.0122763778090513
"70" 0.007 0.004 0.009 0.00337425121346213
"71" 0.046 0.037 0.055 0.0384387040290364
"72" 0.009 0.009 0.013 0.00638857259676617
"73" 0.1 0.089 0.113 0.0939430135002578
"74" 0.003 0.001 0.001 0.00100109599725517
"75" 0.035 0.042 0.044 0.0446071614021681
"76" 0.37 0.372 0.405 0.41050107914178
"77" 0.133 0.135 0.14 0.155478076275624
"78" 0.181 0.168 0.193 0.209609603483541
"79" 0 0.001 0 8.7443506744278e-05
"80" 0.083 0.067 0.092 0.0783043023148751
"81" 0.001 0.002 0.002 0.000986183593891576
"82" 0.149 0.159 0.18 0.172300262680529
"83" 0.063 0.08 0.085 0.0684808158831102
"84" 0.01 0.021 0.02 0.00787446270689174
"85" 0 0 0 3.41275807613783e-08
"86" 0.416 0.41 0.415 0.442378720904682
"87" 0.372 0.366 0.374 0.396658817299108
"88" 0.076 0.089 0.089 0.0931756695894306
"89" 0.744 0.766 0.791 0.736621827767663
"90" 0.099 0.095 0.097 0.094293467001203
"91" 0.116 0.088 0.097 0.107313876900614
"92" 0 0 0.001 3.71283323685745e-05
"93" 0.202 0.187 0.198 0.218612634078937
"94" 0 0.006 0 0.000384984836192204
"95" 0.034 0.036 0.03 0.0228302566439955
"96" 0.749 0.725 0.727 0.696143346242235
"97" 0.708 0.736 0.756 0.68927694234116
"98" 0.093 0.089 0.101 0.0887384654041763
"99" 0.032 0.023 0.033 0.0258760788599542
"100" 0.203 0.209 0.211 0.251933849259164
"101" 0.023 0.028 0.027 0.0258351516906222
"102" 0.134 0.115 0.114 0.130242634507609
"103" 0.001 0 0 0.000102978611511872
"104" 0.027 0.028 0.035 0.0202356770883095
"105" 0.161 0.167 0.165 0.187770417715538
"106" 0.078 0.078 0.066 0.0723387353003364
"107" 0.065 0.067 0.073 0.0735629848163533
"108" 0.001 0.002 0.001 0.000390173821608331
"109" 0.036 0.033 0.039 0.0276233188285198
"110" 0.003 0.008 0.009 0.00434490713183111
"111" 0.126 0.108 0.132 0.143994543310991
"112" 0.002 0.009 0.007 0.00186199591176828
"113" 0.107 0.111 0.102 0.122221926678317
"114" 0.193 0.189 0.19 0.209456822845653
"115" 0.012 0.011 0.02 0.00974034817473179
"116" 0.081 0.072 0.069 0.0775541849670696
"117" 0.06 0.057 0.077 0.0674776790394718
"118" 0.111 0.131 0.12 0.132020305444168
"119" 0.003 0.002 0.007 0.00134180792158267
"120" 0.042 0.05 0.04 0.0422916346494762
"121" 0.002 0.004 0.007 0.00264965066255118
"122" 0.003 0.004 0.007 0.00157299706721115
"123" 0.277 0.253 0.274 0.291158211562
"124" 0.429 0.419 0.434 0.435028932571835
"125" 0.007 0.008 0.009 0.00538439717255546
"126" 0.055 0.088 0.087 0.0751410977671603
"127" 0.402 0.424 0.437 0.434121498421364
"128" 0.161 0.145 0.151 0.15681585867156
"129" 0.006 0.011 0.012 0.00490540578608645
"130" 0.111 0.135 0.128 0.133380986206624
"131" 0.702 0.7 0.712 0.679576908261545
"132" 0 0.001 0 0.000237852603141575
"133" 0.061 0.089 0.073 0.0709935872272407
"134" 0.03 0.042 0.049 0.0426118505499129
"135" 0.012 0.01 0.015 0.00712515099648503
"136" 0.144 0.148 0.142 0.153093416076719
"137" 0.018 0.015 0.026 0.0137651000727199
"138" 0.007 0.004 0.013 0.00389538899069319
"139" 0.049 0.037 0.049 0.0477656976823049
"140" 0.006 0.008 0.003 0.002153192613085
"141" 0.21 0.202 0.227 0.239014819431908
"142" 0.629 0.668 0.656 0.637169975926229
"143" 0 0 0.003 0.000113375862803911
"144" 0 0 0 7.3438543313209e-06
"145" 0.024 0.032 0.031 0.0217715531574261
"146" 0.148 0.138 0.147 0.165486294401046
"147" 0.03 0.031 0.043 0.0291100813013466
"148" 0 0 0 5.20872282169238e-05
"149" 0.165 0.19 0.154 0.19363866651899
"150" 0.384 0.413 0.386 0.417497606057058
"151" 0.039 0.049 0.049 0.0380225173693294
"152" 0.006 0.01 0.007 0.00420521430394638
"153" 0.703 0.716 0.718 0.682402960934376
"154" 0.031 0.043 0.048 0.0414553558305053
"155" 0 0 0.001 6.32566483872443e-05
"156" 0.027 0.025 0.027 0.0196049757410361
"157" 0.112 0.1 0.124 0.11513854083192
"158" 0.002 0 0.001 0.000667105216610286
"159" 0.008 0.004 0.01 0.00525593813833503
"160" 0.2 0.186 0.175 0.212493106291489
"161" 0.35 0.361 0.381 0.385838433916555
"162" 0.082 0.085 0.086 0.0826972888351375
"163" 0.172 0.199 0.197 0.210791930359733
"164" 0 0 0 2.36143163148128e-05
"165" 0.214 0.203 0.238 0.241954336281915
"166" 0.016 0.015 0.011 0.00932339132554472
"167" 0 0.002 0.003 0.000180608257701942
"168" 0 0 0.001 0.000137247782791339
"169" 0.11 0.107 0.113 0.113998469505324
"170" 0.009 0.002 0.01 0.00348605470452756
"171" 0.187 0.178 0.178 0.225332874026997
"172" 0 0.001 0 1.86997442489512e-05
"173" 0.003 0.001 0.007 0.00175904429630425
"174" 0.362 0.342 0.354 0.365649872898396
"175" 0.051 0.053 0.058 0.0570054582981155
"176" 0.05 0.067 0.045 0.0549694302802461
"177" 0.595 0.605 0.601 0.591376826755634
"178" 0.43 0.41 0.416 0.45641080331599
"179" 0.003 0.007 0.007 0.00439392358609014
"180" 0.29 0.282 0.267 0.305333046989884
"181" 0.003 0.002 0.006 0.0013442947395943
"182" 0.136 0.126 0.135 0.141552236619921
"183" 0.005 0.003 0.005 0.00184347865828194
"184" 0.043 0.049 0.049 0.0457617993682409
"185" 0.005 0.005 0.013 0.00295999966740801
"186" 0.016 0.008 0.017 0.00827533062490593
"187" 0.029 0.021 0.037 0.0255603951689956
"188" 0.004 0 0.002 0.000430329889142933
"189" 0.008 0.007 0.01 0.00372516359416875
"190" 0.096 0.087 0.094 0.099816757025206
"191" 0.368 0.367 0.372 0.393593246054565
"192" 0 0 0.001 2.22646891334666e-06
"193" 0.017 0.015 0.012 0.0105568961455426
"194" 0.017 0.019 0.025 0.0143943892604218
"195" 0 0.003 0 0.000703002841429878
"196" 0.03 0.039 0.034 0.0251125003147344
"197" 0.063 0.068 0.052 0.0566276873444659
"198" 0.409 0.404 0.395 0.42748000410854
"199" 0.066 0.066 0.065 0.0725014271007671
"200" 0.026 0.017 0.018 0.0186977901761198
"201" 0.104 0.101 0.111 0.108312321159781
"202" 0.24 0.217 0.232 0.267597374711459
"203" 0 0 0.004 0.000733283091561843
"204" 0.124 0.114 0.134 0.141041799370314
"205" 0.013 0.014 0.017 0.0076766510252575
"206" 0.269 0.31 0.318 0.32663833614508
"207" 0 0 0 1.35306081305853e-06
"208" 0.785 0.779 0.808 0.717278998331857
"209" 0.027 0.032 0.029 0.0311008049283623
"210" 0.034 0.03 0.052 0.0320551389796258
"211" 0.07 0.079 0.074 0.0749841320387923
"212" 0.008 0.006 0.005 0.00203181713774914
"213" 0.321 0.329 0.35 0.375401819426585
"214" 0.193 0.201 0.185 0.224456650755123
"215" 0.431 0.43 0.414 0.457520104917981
"216" 0.021 0.022 0.032 0.0226703239695321
"217" 0 0 0 8.47070710241482e-08
"218" 0.49 0.507 0.481 0.513083707298204
"219" 0 0 0 9.07181885168029e-10
"220" 0.095 0.1 0.106 0.104265625782081
"221" 0.001 0.001 0.002 0.000312674708356608
"222" 0.059 0.061 0.041 0.0565436810082539
"223" 0.04 0.028 0.03 0.0254686682576294
"224" 0 0 0 0.000108752153920144
"225" 0.073 0.055 0.072 0.0671516898929767
"226" 0.044 0.056 0.044 0.0436204284621391
"227" 0.001 0 0.001 7.05239332681185e-05
"228" 0.104 0.111 0.107 0.11957234698778
"229" 0.04 0.045 0.046 0.0401736607467185
"230" 0.001 0 0.002 0.000118672240462026
"231" 0.075 0.071 0.073 0.0779322367536386
"232" 0.235 0.254 0.229 0.266252240007731
"233" 0.006 0.012 0.01 0.00784794618128626
"234" 0.017 0.014 0.008 0.0105705374939604
"235" 0.192 0.225 0.217 0.241407877096007
"236" 0.025 0.021 0.028 0.0151826553455329
"237" 0.014 0.015 0.017 0.0111862988780552
"238" 0.251 0.23 0.256 0.283095842620711
"239" 0.011 0.002 0.008 0.00380847017821795
"240" 0.66 0.636 0.675 0.624623136267432
"241" 0.001 0.001 0 0.000355506600922206
"242" 0.004 0.013 0.01 0.00545316615609026
"243" 0.107 0.072 0.075 0.0893476458553548
"244" 0.003 0 0.006 0.00165074098233597
"245" 0 0 0 5.95867054586918e-08
"246" 0.072 0.057 0.061 0.0722760391777637
"247" 0.285 0.255 0.24 0.27143873246225
"248" 0 0.001 0 0.000210727663529808
"249" 0.018 0.02 0.032 0.0170236392843428
"250" 0.013 0.012 0.015 0.00765447280439679
"251" 0.011 0.007 0.015 0.00772695733238149
"252" 0.012 0.01 0.021 0.0103778279535319
"253" 0.086 0.094 0.077 0.102137710792091
"254" 0.039 0.041 0.037 0.0448981725767696
"255" 0.003 0.004 0.008 0.00300181522101362
"256" 0.105 0.116 0.117 0.12281088449866
"257" 0.032 0.031 0.025 0.0196195850995953
"258" 0 0 0.002 1.32903585375876e-05
"259" 0.293 0.29 0.309 0.319771777208391
"260" 0.003 0 0.003 0.000929485663370477
"261" 0.002 0.005 0.006 0.00172523338624897
"262" 0.119 0.143 0.143 0.139825568533116
"263" 0.1 0.101 0.105 0.105012737637824
"264" 0.038 0.041 0.048 0.0463065046024678
"265" 0.008 0.006 0.008 0.00577233162561608
"266" 0.199 0.174 0.195 0.2054981298024
"267" 0.015 0.013 0.017 0.00944548275900448
"268" 0.013 0.016 0.022 0.0151052536260869
"269" 0.001 0.006 0.009 0.00339476732090305
"270" 0.003 0.011 0.011 0.00456694684854164
"271" 0 0.006 0.015 0.00285808631268447
"272" 0.008 0.017 0.021 0.0162836035977045
"273" 0.051 0.05 0.065 0.0564039685706007
"274" 0.04 0.035 0.052 0.0363476150241815
"275" 0 0 0.001 1.66118629283396e-05
"276" 0.138 0.121 0.115 0.140385660758083
"277" 0.065 0.061 0.042 0.049461700371662
"278" 0 0 0 1.91603676258367e-08
"279" 0.083 0.083 0.074 0.0811804186240019
"280" 0.57 0.512 0.573 0.552639182480476
"281" 0.095 0.099 0.093 0.101632475803058
"282" 0.091 0.09 0.09 0.101026278618331
"283" 0.126 0.13 0.134 0.149948468684817
"284" 0.011 0.008 0.02 0.00794173351938521
"285" 0.003 0.003 0.013 0.00364213088166898
"286" 0.046 0.055 0.055 0.0577812817645594
"287" 0.463 0.458 0.447 0.472960881414331
"288" 0.009 0.016 0.011 0.00737877856565172
"289" 0.113 0.116 0.125 0.138989982003705
"290" 0.071 0.056 0.079 0.0762093185262825
"291" 0 0 0 2.10469839623251e-06
"292" 0.61 0.585 0.648 0.605951473214039
"293" 0.285 0.278 0.309 0.326201526542442
"294" 0.103 0.104 0.096 0.113728272971864
"295" 0.057 0.057 0.057 0.0570507962082641
"296" 0.397 0.379 0.41 0.415282515365959
"297" 0.089 0.091 0.084 0.096820127583501
"298" 0.098 0.084 0.092 0.102269492776419
"299" 0.041 0.035 0.038 0.0355219836043722
"300" 0.245 0.251 0.251 0.278030356973546
"301" 0.367 0.388 0.382 0.401771013758506
"302" 0.002 0.005 0.007 0.00300011109854359
"303" 0 0 0.002 0.000421512677789559
"304" 0.018 0.012 0.021 0.00780452053121261
"305" 0.074 0.064 0.071 0.0725504953690695
"306" 0.474 0.477 0.503 0.493145056960255
"307" 0.274 0.279 0.28 0.306431221339729
"308" 0.067 0.083 0.064 0.0655137289734389
"309" 0.048 0.047 0.055 0.0469485723505765
"310" 0.211 0.182 0.195 0.216877472904962
"311" 0.056 0.047 0.05 0.0482255055245425
"312" 0.056 0.054 0.054 0.0550845749873609
"313" 0.01 0.011 0.018 0.00558660085212082
"314" 0 0.002 0.002 0.00112447151288175
"315" 0.087 0.076 0.077 0.0844427189487469
"316" 0.086 0.091 0.086 0.104092061363043
"317" 0.036 0.024 0.039 0.0262928179108696
"318" 0.217 0.21 0.198 0.23488996324804
"319" 0.085 0.096 0.095 0.108396247173415
"320" 0.07 0.085 0.098 0.0986628697001292
"321" 0.023 0.027 0.041 0.0248380277806463
"322" 0.486 0.489 0.484 0.501687294543878
"323" 0.007 0.011 0.009 0.00862230814723819
"324" 0.001 0.002 0.004 0.00127272977869064
"325" 0.185 0.179 0.202 0.216918889804921
"326" 0.001 0.002 0.001 0.00100254864084315
"327" 0.248 0.239 0.244 0.268641965303558
"328" 0.006 0.006 0.013 0.00567936881092379
"329" 0.262 0.27 0.263 0.286994835361844
"330" 0.349 0.366 0.332 0.381852886593022
"331" 0.119 0.129 0.126 0.134575442701717
"332" 0.009 0.005 0.013 0.00350810805594581
"333" 0.22 0.212 0.207 0.239139640859881
"334" 0.112 0.123 0.12 0.135359334719494
"335" 0.02 0.027 0.033 0.0219068248717192
"336" 0.055 0.051 0.056 0.049395418854261
"337" 0.001 0.001 0.001 0.000524588620719246
"338" 0.604 0.601 0.598 0.597862749369386
"339" 0.137 0.133 0.128 0.154929174321677
"340" 0.045 0.053 0.05 0.0517802060809546
"341" 0.177 0.152 0.15 0.193601591347776
"342" 0.012 0.014 0.015 0.00666962944313187
"343" 0 0 0.001 0.000307477640104414
"344" 0.077 0.097 0.092 0.0902712962781936
"345" 0.015 0.01 0.009 0.0101193221840246
"346" 0.113 0.118 0.119 0.116808697226796
"347" 0.001 0.001 0.003 0.000438288528008646
"348" 0.198 0.184 0.211 0.23109877985411
"349" 0 0.002 0.003 0.00142876982943008
"350" 0.156 0.159 0.149 0.178411851926339
"351" 0.012 0.01 0.018 0.00951055312665927
"352" 0.023 0.013 0.03 0.0173686357818618
"353" 0.04 0.028 0.041 0.035762610489781
"354" 0.026 0.021 0.021 0.0173934842795871
"355" 0.221 0.228 0.241 0.236571215252092
"356" 0.21 0.188 0.204 0.231457864732908
"357" 0.04 0.057 0.06 0.0558628519641021
"358" 0.086 0.075 0.106 0.097024791180726
"359" 0.245 0.235 0.232 0.273643906152098
"360" 0.33 0.337 0.322 0.352002075008048
"361" 0 0 0 8.94702076870146e-08
"362" 0.015 0.017 0.03 0.0132126830266158
"363" 0.053 0.05 0.051 0.0511324659244746
"364" 0.001 0.001 0 0.000129723859028874
"365" 0.032 0.016 0.029 0.0231073767441151
"366" 0.164 0.186 0.211 0.213324148539367
"367" 0.072 0.099 0.105 0.0883407519702226
"368" 0.189 0.202 0.223 0.238909020734713
"369" 0.014 0.013 0.026 0.0101253609148761
"370" 0.257 0.263 0.253 0.289724392221286
"371" 0.003 0.004 0.011 0.00345770682988589
"372" 0.019 0.014 0.022 0.0131337800490352
"373" 0.037 0.039 0.045 0.038401385599794
"374" 0.229 0.246 0.224 0.266069686402988
"375" 0.022 0.02 0.023 0.0161750775907931
"376" 0 0 0.001 3.32966918470401e-06
"377" 0.16 0.145 0.169 0.173477232383847
"378" 0.151 0.15 0.149 0.184676728508325
"379" 0.343 0.343 0.333 0.376180435175756
"380" 0.137 0.131 0.102 0.139563896077855
"381" 0 0 0 1.43188183532317e-09
"382" 0.002 0.004 0.003 0.000860363681150611
"383" 0.225 0.216 0.244 0.269308481569191
"384" 0.002 0.006 0.002 0.00227402202153548
"385" 0.527 0.483 0.487 0.526555140966408
"386" 0.016 0.03 0.032 0.0177393942692513
"387" 0.021 0.032 0.039 0.0276878921525414
"388" 0.093 0.088 0.101 0.108567816732318
"389" 0.002 0 0.002 0.00113267541147655
"390" 0.058 0.057 0.067 0.0649361681724294
"391" 0.4 0.4 0.403 0.429264507133884
"392" 0.006 0.009 0.008 0.00428723220389238
"393" 0.134 0.154 0.16 0.171966824492881
"394" 0.011 0.017 0.018 0.0104621310247898
"395" 0.122 0.115 0.123 0.12363247890322
"396" 0.021 0.015 0.026 0.0199602973297915
"397" 0.176 0.16 0.158 0.192058039244049
"398" 0.022 0.028 0.022 0.0263668124979957
"399" 0.014 0.018 0.021 0.0122187226199761
"400" 0.1 0.105 0.109 0.117245599649433
"401" 0.283 0.271 0.285 0.324441410658279
"402" 0.009 0.006 0.01 0.00543272777891657
"403" 0 0.005 0.002 0.0001824632329116
"404" 0.365 0.354 0.343 0.384171024132064
"405" 0.006 0.012 0.009 0.00470740302284745
"406" 0.121 0.125 0.132 0.136871188759377
"407" 0.015 0.008 0.007 0.0075266050682079
"408" 0.112 0.072 0.086 0.103910297877332
"409" 0.163 0.165 0.196 0.203056667544813
"410" 0.044 0.055 0.049 0.047977605113024
"411" 0.018 0.009 0.021 0.0141046756701348
"412" 0.096 0.085 0.093 0.0965129384286316
"413" 0.028 0.037 0.03 0.0323781390186707
"414" 0.003 0 0.001 0.000555959132053974
"415" 0.098 0.125 0.101 0.122339228468462
"416" 0.158 0.181 0.209 0.20366841625262
"417" 0 0 0 2.22786994608093e-06
"418" 0.058 0.046 0.054 0.0558628881965536
"419" 0.008 0.015 0.016 0.010341360561042
"420" 0.02 0.015 0.012 0.00748544687727848
"421" 0 0.001 0.002 0.000169410438101147
"422" 0.502 0.494 0.505 0.515089387021361
"423" 0.04 0.032 0.034 0.0307451107056398
"424" 0.005 0.006 0.006 0.00323842477276159
"425" 0.281 0.269 0.302 0.316472425977726
"426" 0.212 0.185 0.233 0.229641061302461
"427" 0.073 0.08 0.092 0.0878624210323888
"428" 0.195 0.172 0.193 0.201919059274715
"429" 0.006 0.004 0.004 0.00201606945215793
"430" 0.058 0.069 0.063 0.0507076071620941
"431" 0.183 0.199 0.213 0.233796161064933
"432" 0.01 0.009 0.01 0.00771495521858068
"433" 0 0 0.001 1.5535585846882e-05
"434" 0.013 0.023 0.029 0.0169966912772553
"435" 0.023 0.037 0.028 0.0283651213774061
"436" 0.029 0.017 0.03 0.0190348399064073
"437" 0.054 0.067 0.057 0.0532637096246511
"438" 0.446 0.444 0.451 0.46432613159853
"439" 0.043 0.053 0.052 0.0501749307424786
"440" 0.009 0.005 0.005 0.00421302100134846
"441" 0.548 0.559 0.57 0.548674029377383
"442" 0.167 0.197 0.172 0.200665299038645
"443" 0.058 0.058 0.058 0.0605017177484797
"444" 0.147 0.142 0.161 0.167563969518821
"445" 0.125 0.119 0.106 0.130298555458179
"446" 0.011 0.004 0.006 0.00616795299404327
"447" 0.093 0.075 0.102 0.0966220254516486
"448" 0.272 0.275 0.249 0.306831582795133
"449" 0.051 0.041 0.059 0.0505296546112736
"450" 0.027 0.017 0.028 0.0199418896069622
"451" 0.014 0.018 0.018 0.011044379720863
"452" 0.789 0.799 0.808 0.736777077379188
"453" 0.016 0.015 0.02 0.0154452844697804
"454" 0.003 0.008 0.009 0.00537513543894153
"455" 0.082 0.074 0.07 0.0701520338156176
"456" 0.045 0.047 0.068 0.0485166117072295
"457" 0.099 0.087 0.089 0.104195621169023
"458" 0.022 0.022 0.03 0.0214811118607845
"459" 0.113 0.117 0.129 0.131634149686177
"460" 0.229 0.251 0.243 0.288648051157048
"461" 0.021 0.011 0.022 0.011877714048621
"462" 0.016 0.013 0.012 0.00860366238414445
"463" 0.027 0.029 0.028 0.0237824294231745
"464" 0 0 0 6.96076105088927e-07
"465" 0.009 0.011 0.02 0.00948348440733393
"466" 0.017 0.005 0.015 0.00993350307767116
"467" 0.191 0.186 0.21 0.236919001246773
"468" 0.001 0.001 0.001 0.000519306017709442
"469" 0.033 0.039 0.045 0.0318738241063479
"470" 0 0 0.001 2.32608123220679e-05
"471" 0.086 0.081 0.079 0.0857586660178702
"472" 0.095 0.086 0.094 0.0919999943571804
"473" 0.007 0.006 0.011 0.00417893758315069
"474" 0.229 0.229 0.286 0.253850455976527
"475" 0 0 0 2.05333174685407e-07
"476" 0.016 0.012 0.018 0.0104103153355425
"477" 0.043 0.041 0.037 0.0323313728412864
"478" 0.502 0.516 0.531 0.524604392128991
"479" 0.201 0.204 0.199 0.227787649292977
"480" 0 0.001 0 4.70098373128724e-05
"481" 0.011 0.009 0.008 0.00445711224066836
"482" 0.567 0.553 0.572 0.553736446308444
"483" 0.004 0.004 0.004 0.00150223575201813
"484" 0.234 0.226 0.241 0.258047144774394
"485" 0.33 0.358 0.323 0.364763553330505
"486" 0.004 0.003 0.006 0.000904204842382628
"487" 0 0 0 6.99138064255145e-05
"488" 0.057 0.049 0.068 0.0594656822969389
"489" 0.23 0.22 0.242 0.258044686906736
"490" 0.001 0.001 0 0.000226800634736457
"491" 0.602 0.606 0.634 0.602354465140812
"492" 0.382 0.406 0.385 0.410200111697728
"493" 0.005 0.004 0.001 0.00426271773337694
"494" 0.018 0.011 0.012 0.0116094615944368
"495" 0.527 0.555 0.534 0.542433332114175
"496" 0.057 0.063 0.061 0.0594687427826615
"497" 0 0 0 6.70727264839854e-08
"498" 0 0 0 4.43023754542748e-05
"499" 0.01 0.019 0.026 0.0108508969251903
"500" 0.703 0.717 0.731 0.671665525349566
"501" 0.132 0.136 0.15 0.138756394514853
"502" 0.059 0.068 0.065 0.0619939037552818
"503" 0.024 0.023 0.03 0.0235184631035907
"504" 0.081 0.055 0.072 0.0678557724872235
"505" 0 0.001 0.002 7.69146589952863e-05
"506" 0.093 0.087 0.101 0.115763810705991
"507" 0.012 0.013 0.008 0.00503818632902642
"508" 0.247 0.283 0.25 0.30054028447068
"509" 0.185 0.2 0.208 0.230944091218014
"510" 0.078 0.086 0.087 0.0894013393234163
"511" 0.091 0.088 0.093 0.0937927838395274
"512" 0.009 0.01 0.008 0.00469261028403223
"513" 0.002 0 0 0.000181362035841182
"514" 0.299 0.287 0.284 0.319207491973521
"515" 0.292 0.281 0.309 0.342445713978858
"516" 0.146 0.121 0.157 0.155672492174281
"517" 0.087 0.087 0.101 0.0958479586992671
"518" 0.086 0.079 0.118 0.0954640749064861
"519" 0.003 0.002 0.006 0.00183296328794369
"520" 0.001 0.002 0.003 0.00105317390828064
"521" 0.021 0.025 0.024 0.0167899036552464
"522" 0.013 0.016 0.026 0.0108510494835354
"523" 0.204 0.187 0.223 0.228467498903717
"524" 0.052 0.068 0.06 0.0528893179371236
"525" 0.172 0.211 0.211 0.214603498781075
"526" 0.069 0.066 0.072 0.0707198919598669
"527" 0 0.001 0.002 0.000163337185406287
"528" 0.03 0.048 0.049 0.039189496979944
"529" 0.486 0.504 0.505 0.514140938326044
"530" 0.004 0.002 0.009 0.00357255931776601
"531" 0 0 0 6.44464362320463e-07
"532" 0.002 0.002 0.002 0.000423111165228196
"533" 0.005 0.008 0.006 0.00524891882407064
"534" 0.065 0.076 0.076 0.0747528753257545
"535" 0.084 0.097 0.094 0.100522598256774
"536" 0.518 0.517 0.555 0.532973224420001
"537" 0.154 0.165 0.183 0.190004665511935
"538" 0.409 0.405 0.414 0.433142464359479
"539" 0.009 0.004 0.006 0.00189670032607048
"540" 0.142 0.126 0.114 0.144969485987405
"541" 0 0 0 2.66045067143228e-06
"542" 0.363 0.358 0.365 0.396309810373215
"543" 0 0 0.004 0.000370180115773611
"544" 0.072 0.099 0.09 0.0875804791900407
"545" 0.023 0.018 0.024 0.0211399835863667
"546" 0.226 0.23 0.239 0.270687168893139
"547" 0.002 0.001 0.004 0.000764067884013175
"548" 0.059 0.059 0.053 0.0584971717988984
"549" 0.006 0.005 0.009 0.0040051560568215
"550" 0.33 0.344 0.335 0.366303979261163
"551" 0.012 0.011 0.017 0.007339603478137
"552" 0.007 0.011 0.014 0.00882090570401928
"553" 0.006 0.005 0.009 0.00392728200894199
"554" 0.046 0.041 0.034 0.0375383452089655
"555" 0.042 0.056 0.045 0.0481626713434881
"556" 0.063 0.054 0.07 0.0603706421163867
"557" 0.032 0.037 0.03 0.0328348744175367
"558" 0.015 0.013 0.029 0.01276904001794
"559" 0.218 0.239 0.233 0.251350246203856
"560" 0.039 0.034 0.033 0.0309901973469389
"561" 0.058 0.065 0.061 0.0611682015766892
"562" 0.229 0.209 0.216 0.25322926658107
"563" 0.028 0.017 0.03 0.0195450831993886
"564" 0 0 0.001 8.79648166718372e-05
"565" 0.004 0.011 0.009 0.00549486877712713
"566" 0.021 0.015 0.024 0.016278382252112
"567" 0.016 0.006 0.021 0.00998820468447292
"568" 0 0 0 3.55573780107532e-05
"569" 0.013 0.005 0.01 0.00646026357358986
"570" 0.356 0.357 0.363 0.399309014546764
"571" 0.138 0.149 0.159 0.165810671862483
"572" 0 0 0.001 0.000299369772567171
"573" 0.581 0.577 0.575 0.561483150136123
"574" 0.022 0.017 0.015 0.0126767770415859
"575" 0.003 0.001 0.012 0.00302086816332114
"576" 0.127 0.123 0.128 0.144667929603177
"577" 0.003 0.002 0.004 0.00138950883308886
"578" 0 0.01 0.007 0.00394069330791802
"579" 0.061 0.059 0.059 0.0551330163439281
"580" 0.013 0.024 0.037 0.0169422421454394
"581" 0.023 0.026 0.028 0.0202962115729782
"582" 0.22 0.22 0.224 0.257653142084684
"583" 0.206 0.247 0.205 0.238078805746693
"584" 0.036 0.027 0.031 0.0288629627402914
"585" 0.043 0.049 0.049 0.043917378894432
"586" 0.022 0.011 0.02 0.00959804623337457
"587" 0.074 0.083 0.074 0.0789355267027217
"588" 0.013 0.02 0.017 0.00964505345465838
"589" 0.06 0.07 0.087 0.0774971040953392
"590" 0.03 0.042 0.049 0.0325679976332157
"591" 0 0.001 0 0.000190688920821191
"592" 0.026 0.033 0.036 0.024824579140072
"593" 0.001 0.002 0.004 0.000382033703287488
"594" 0.001 0.002 0.002 0.000616444611343581
"595" 0.009 0.011 0.007 0.0066373364362543
"596" 0.542 0.516 0.56 0.559178014496459
"597" 0.303 0.306 0.323 0.343755723996559
"598" 0.019 0.008 0.011 0.0104784293398613
"599" 0.014 0.012 0.01 0.00893303339442253
"600" 0 0.001 0 1.21964677366471e-05
"601" 0.016 0.023 0.028 0.0198567667327775
"602" 0.875 0.881 0.889 0.78517526647876
"603" 0.905 0.913 0.931 0.81955450250797
"604" 0.099 0.084 0.093 0.103651556576353
"605" 0.003 0 0.002 0.00176951835055694
"606" 0.089 0.095 0.088 0.108202582729168
"607" 0.035 0.055 0.063 0.0527910861786475
"608" 0 0 0 7.91595728633077e-07
"609" 0.054 0.057 0.072 0.0655779917918855
"610" 0.031 0.033 0.042 0.0380891146772684
"611" 0.061 0.066 0.07 0.0700244222831699
"612" 0.094 0.082 0.086 0.0964726092218968
"613" 0.425 0.416 0.452 0.448995970941047
"614" 0.017 0.015 0.013 0.012980525670145
"615" 0.666 0.627 0.687 0.643625171805121
"616" 0.003 0.004 0.001 0.00183889734948528
"617" 0.05 0.063 0.072 0.0594767914181833
"618" 0.008 0.009 0.011 0.0073888232837851
"619" 0.254 0.309 0.27 0.304079727248237
"620" 0.087 0.079 0.072 0.0852197228813063
"621" 0.002 0.001 0.002 0.000450696997843392
"622" 0.03 0.018 0.042 0.0327098782291269
"623" 0.118 0.09 0.112 0.119020901497665
"624" 0.01 0.012 0.013 0.00682019804866107
"625" 0.014 0.026 0.016 0.0199492624095855
"626" 0.017 0.021 0.02 0.0143842391435683
"627" 0.026 0.026 0.03 0.0220545278052813
"628" 0.402 0.432 0.42 0.436145388033021
"629" 0.598 0.607 0.606 0.60229373917418
"630" 0.055 0.059 0.048 0.0561763223778323
"631" 0.063 0.058 0.062 0.0698112796953814
"632" 0.413 0.45 0.454 0.465108602405773
"633" 0.054 0.042 0.055 0.0499380587462417
"634" 0.246 0.23 0.239 0.280833756950527
"635" 0.879 0.884 0.888 0.801390933822201
"636" 0.022 0.029 0.036 0.0253201314671817
"637" 0.01 0.013 0.014 0.00722139607496197
"638" 0.026 0.017 0.028 0.0216412395658363
"639" 0.164 0.171 0.181 0.202987142639784
"640" 0.067 0.058 0.068 0.0594947604588283
"641" 0 0 0 6.73301204789922e-07
"642" 0.011 0.016 0.021 0.0102697889178994
"643" 0.057 0.057 0.052 0.0551444277909342
"644" 0.122 0.117 0.124 0.132405413433803
"645" 0.543 0.56 0.567 0.553047812227281
"646" 0.229 0.235 0.242 0.258499041068578
"647" 0.131 0.11 0.129 0.137342680195368
"648" 0.148 0.147 0.15 0.168601145230677
"649" 0 0.003 0.002 0.000717552781847708
"650" 0.053 0.033 0.048 0.0401836518263216
"651" 0 0 0 1.44287473121674e-05
"652" 0.028 0.029 0.028 0.0196589462534448
"653" 0.833 0.834 0.852 0.773474745779335
"654" 0.038 0.037 0.046 0.0333481742872038
"655" 0.119 0.108 0.121 0.132351817068407
"656" 0.046 0.051 0.046 0.0487349180174709
"657" 0.036 0.029 0.031 0.0273714599026098
"658" 0.001 0.003 0.006 0.00162626508076957
"659" 0.042 0.042 0.047 0.0449579633608601
"660" 0.065 0.078 0.062 0.0707253275441163
"661" 0.003 0.013 0.011 0.00424211549494091
"662" 0.001 0.003 0.002 0.000345255522068322
"663" 0.067 0.073 0.086 0.079435895232198
"664" 0.151 0.164 0.176 0.19718172982539
"665" 0 0 0 4.55725809145324e-06
"666" 0.15 0.151 0.168 0.163602509409089
"667" 0.089 0.104 0.117 0.102768860203177
"668" 0.059 0.057 0.062 0.0579379420057456
"669" 0.17 0.175 0.185 0.206821195172941
"670" 0.154 0.157 0.184 0.187791759120084
"671" 0.011 0.004 0.006 0.00269623501222782
"672" 0.003 0.003 0.008 0.00237966507108955
"673" 0.1 0.097 0.11 0.108363028569475
"674" 0 0 0 2.67152598909526e-06
"675" 0.895 0.885 0.914 0.810873575340408
"676" 0.027 0.024 0.024 0.0234999455239578
"677" 0.042 0.045 0.03 0.0381372607795289
"678" 0.088 0.079 0.094 0.0903685639866119
"679" 0.15 0.15 0.147 0.169756748476148
"680" 0.311 0.291 0.33 0.336165578775211
"681" 0.046 0.049 0.04 0.0428911639153229
"682" 0.032 0.024 0.033 0.0251818559072765
"683" 0.567 0.556 0.584 0.573176789751029
"684" 0.063 0.067 0.075 0.0715492898540488
"685" 0.007 0.003 0.005 0.00184386753635513
"686" 0.01 0.014 0.018 0.0105023774201534
"687" 0.004 0.007 0.006 0.00191486929785334
"688" 0.271 0.29 0.294 0.33576702951704
"689" 0.002 0.002 0.002 0.000680550687057191
"690" 0.001 0.003 0.001 0.000842491086316954
"691" 0.007 0.004 0.008 0.00420239793776434
"692" 0.003 0.003 0.007 0.000552896603269515
"693" 0 0 0.003 0.000104205824980164
"694" 0.018 0.02 0.028 0.0193225234238743
"695" 0.195 0.202 0.202 0.218978182171648
"696" 0.002 0 0.006 0.00152055879598878
"697" 0.01 0.006 0.008 0.00441261702000795
"698" 0.023 0.012 0.029 0.0153189342773211
"699" 0.044 0.052 0.046 0.0449080901345521
"700" 0.052 0.052 0.06 0.044494113114786
"701" 0.007 0.011 0.012 0.00649443489086976
"702" 0.003 0.002 0.005 0.000713902121924681
"703" 0.034 0.036 0.034 0.0333405479148365
"704" 0.106 0.104 0.142 0.119492088809411
"705" 0.224 0.193 0.203 0.233508072998839
"706" 0.054 0.054 0.061 0.0522057497016732
"707" 0.455 0.448 0.494 0.474418434695797
"708" 0.005 0.006 0.005 0.00219852719317559
"709" 0 0.001 0.001 0.000294501586417528
"710" 0.027 0.041 0.042 0.0300487228284858
"711" 0.221 0.242 0.24 0.268090604933564
"712" 0 0 0.003 8.31744440459303e-05
"713" 0.035 0.024 0.033 0.027077017292203
"714" 0.583 0.598 0.63 0.599940773963863
"715" 0.047 0.044 0.055 0.0456187439478173
"716" 0.122 0.123 0.13 0.149247694108429
"717" 0.063 0.041 0.058 0.0529671165313729
"718" 0.204 0.19 0.191 0.211312021461887
"719" 0.507 0.527 0.507 0.539642260464026
"720" 0 0 0 5.58127377203732e-07
"721" 0.344 0.363 0.386 0.398012878985351
"722" 0.001 0.002 0.007 0.00134567646291617
"723" 0.145 0.158 0.154 0.164284708649765
"724" 0 0 0 7.76617924347356e-06
"725" 0.034 0.025 0.036 0.0237514696456984
"726" 0.221 0.225 0.209 0.238174402370999
"727" 0.007 0.011 0.019 0.0105279434901542
"728" 0.53 0.546 0.555 0.547464936065209
"729" 0.07 0.065 0.056 0.0748065600673294
"730" 0.152 0.171 0.17 0.180004083191071
"731" 0.092 0.09 0.098 0.102443826945602
"732" 0.169 0.15 0.159 0.175284634290142
"733" 0.017 0.019 0.02 0.00996023799608148
"734" 0.092 0.073 0.083 0.0827804011452113
"735" 0.203 0.204 0.194 0.215035673532314
"736" 0.004 0.016 0.013 0.00648839963016601
"737" 0.174 0.18 0.181 0.19497556297029
"738" 0.004 0.009 0.013 0.00522786763678296
"739" 0.002 0 0.001 0.000306469915970942
"740" 0.016 0.009 0.024 0.00864465034942141
"741" 0 0 0 2.34630924356161e-07
"742" 0.052 0.053 0.043 0.0442704865864267
"743" 0 0 0 6.96382795450923e-06
"744" 0 0 0 7.81895587831372e-06
"745" 0.743 0.763 0.755 0.685756879071517
"746" 0.092 0.12 0.096 0.103571275510084
"747" 0.021 0.028 0.028 0.0224575455411951
"748" 0.003 0.007 0.003 0.00194162297848233
"749" 0.003 0.003 0.004 0.00099437179662476
"750" 0.411 0.409 0.412 0.435685355863688
"751" 0 0 0.001 9.63932622098929e-05
"752" 0 0 0.001 6.2955999530212e-06
"753" 0.739 0.75 0.802 0.71325536850609
"754" 0.221 0.233 0.222 0.250034256248555
"755" 0 0.002 0 0.000264168300545098
"756" 0.037 0.045 0.041 0.0388200111420504
"757" 0.226 0.237 0.26 0.278853482658391
"758" 0.03 0.022 0.027 0.0200028611211083
"759" 0.293 0.272 0.287 0.329336629106125
"760" 0.024 0.039 0.029 0.0261950650510391
"761" 0.781 0.783 0.808 0.723455052677711
"762" 0 0 0.001 3.50526274244256e-05
"763" 0.555 0.541 0.542 0.552614292280758
"764" 0.089 0.082 0.099 0.0993036144376348
"765" 0.045 0.055 0.043 0.0452706586224877
"766" 0.002 0.002 0.003 0.000859137394556897
"767" 0.008 0.02 0.026 0.0107984605125834
"768" 0.139 0.099 0.133 0.131180900969909
"769" 0.218 0.206 0.231 0.244579874628324
"770" 0.047 0.05 0.041 0.0494272950345264
"771" 0.184 0.148 0.175 0.209897068607257
"772" 0.026 0.025 0.042 0.0251144563944559
"773" 0.065 0.05 0.062 0.0597404336577293
"774" 0.006 0.011 0.014 0.00677088070083076
"775" 0.388 0.38 0.389 0.416284830160629
"776" 0.111 0.116 0.109 0.121710819501329
"777" 0.15 0.12 0.161 0.153517850138451
"778" 0.056 0.064 0.063 0.0612597693886437
"779" 0.065 0.071 0.071 0.0737665888296128
"780" 0.041 0.042 0.047 0.0348695543912343
"781" 0.035 0.022 0.031 0.0256210171972118
"782" 0 0.002 0.003 0.00043682592644001
"783" 0.066 0.088 0.075 0.0767355393948055
"784" 0 0 0.001 8.03071635266939e-05
"785" 0.172 0.164 0.166 0.196293441338742
"786" 0.102 0.111 0.144 0.132483107823027
"787" 0.035 0.028 0.027 0.0206464025671725
"788" 0.001 0.001 0.006 0.00211949209374829
"789" 0.662 0.609 0.644 0.624778809815604
"790" 0.002 0.003 0.006 0.0013961422924138
"791" 0.067 0.067 0.058 0.0770068040077377
"792" 0.239 0.226 0.264 0.271095197469625
"793" 0.013 0.009 0.016 0.00847068968058118
"794" 0.837 0.847 0.853 0.756854507519649
"795" 0.004 0.007 0.011 0.00475424275165126
"796" 0.003 0.005 0.002 0.00124506572740224
"797" 0.068 0.091 0.068 0.0746926101950649
"798" 0.117 0.138 0.121 0.145647326481348
"799" 0.548 0.539 0.55 0.550612303461512
"800" 0.018 0.019 0.018 0.0157125729843726
"801" 0.001 0.001 0 0.000236220919583641
"802" 0.019 0.008 0.012 0.0104530530002083
"803" 0.165 0.156 0.159 0.174773736499991
"804" 0.015 0.018 0.022 0.0163120689534012
"805" 0.189 0.2 0.175 0.219626563440449
"806" 0 0 0 1.17456709258779e-06
"807" 0.005 0.002 0.003 0.00118796342505645
"808" 0.045 0.037 0.044 0.0352162762173827
"809" 0 0.002 0.001 0.000231051871492194
"810" 0.04 0.043 0.058 0.037051272547698
"811" 0.442 0.456 0.481 0.484389584774513
"812" 0.004 0.002 0.008 0.00116519084741018
"813" 0.762 0.741 0.79 0.704838515038988
"814" 0.258 0.232 0.26 0.283810128896817
"815" 0.022 0.023 0.027 0.0198016332142462
"816" 0.569 0.599 0.57 0.578614678392567
"817" 0.005 0.013 0.008 0.00631192504864542
"818" 0.057 0.069 0.081 0.0767172153378484
"819" 0.024 0.023 0.026 0.0222762860076524
"820" 0.218 0.189 0.202 0.231960403959101
"821" 0.027 0.024 0.041 0.0329174001391415
"822" 0.762 0.775 0.761 0.696405297976575
"823" 0.144 0.123 0.131 0.138476337885582
"824" 0.025 0.038 0.032 0.0250382934129184
"825" 0.003 0.001 0.003 0.00145029192242052
"826" 0.008 0.012 0.011 0.00835254441536104
"827" 0.086 0.087 0.091 0.0978801715000818
"828" 0.006 0.007 0.012 0.00455963400580262
"829" 0.007 0.01 0.015 0.00725192093898164
"830" 0.035 0.039 0.05 0.0477723768807055
"831" 0.006 0.004 0.009 0.00398795331863022
"832" 0.133 0.141 0.158 0.157747860656076
"833" 0.024 0.024 0.037 0.0210076067029427
"834" 0.198 0.205 0.204 0.23410368957495
"835" 0.186 0.186 0.184 0.202729595063297
"836" 0.001 0 0.001 1.25137776640916e-06
"837" 0.001 0.001 0.005 0.00114607892473217
"838" 0.003 0.001 0.002 0.000147379539475856
"839" 0.134 0.156 0.148 0.164346871451724
"840" 0.019 0.02 0.028 0.022989725064982
"841" 0.354 0.349 0.324 0.367543283944038
"842" 0 0 0.001 0.00016891200907676
"843" 0.123 0.112 0.127 0.127975478212397
"844" 0.029 0.032 0.042 0.0360724233274052
"845" 0.237 0.237 0.207 0.271006488544555
"846" 0.067 0.053 0.062 0.0654901421528427
"847" 0.389 0.409 0.417 0.434664967540509
"848" 0.057 0.075 0.072 0.0753876810267046
"849" 0.039 0.03 0.037 0.0340267102231462
"850" 0.001 0 0.001 0.00034974732483195
"851" 0.002 0.007 0.01 0.00296275446050387
"852" 0 0 0.002 9.06738382931982e-05
"853" 0.021 0.016 0.023 0.0167403121534571
"854" 0.384 0.383 0.382 0.404359176248935
"855" 0.379 0.354 0.389 0.382065088071406
"856" 0.032 0.039 0.043 0.0373643941953723
"857" 0.029 0.016 0.024 0.0213302701643624
"858" 0.172 0.191 0.179 0.196797852369054
"859" 0.002 0 0 1.98749504090046e-05
"860" 0.25 0.226 0.267 0.270026374837905
"861" 0.024 0.025 0.026 0.0292651221751499
"862" 0.259 0.262 0.259 0.287975688572427
"863" 0.405 0.42 0.419 0.43851336190329
"864" 0.521 0.529 0.514 0.530692024869646
"865" 0.051 0.049 0.055 0.0601671752314611
"866" 0.535 0.527 0.546 0.552212606041487
"867" 0.386 0.423 0.432 0.448290481963242
"868" 0.021 0.021 0.026 0.0188111519269376
"869" 0.352 0.378 0.329 0.391851445929966
"870" 0.057 0.06 0.075 0.0637522380032709
"871" 0.013 0.008 0.013 0.00654333472829527
"872" 0.249 0.255 0.279 0.304869228477417
"873" 0.003 0.01 0.01 0.00474680905613345
"874" 0.001 0.001 0.01 0.00236326523090546
"875" 0.003 0.002 0.008 0.00197254053957696
"876" 0.26 0.247 0.252 0.296415829336599
"877" 0.46 0.437 0.463 0.468583621021019
"878" 0.157 0.183 0.197 0.215636185371118
"879" 0.079 0.097 0.076 0.0823765784581059
"880" 0.148 0.126 0.148 0.153576603554972
"881" 0.101 0.106 0.102 0.105489912405142
"882" 0 0.001 0.001 0.000203591419111082
"883" 0.053 0.058 0.065 0.06141398067569
"884" 0.096 0.089 0.117 0.109285998290084
"885" 0.061 0.052 0.067 0.0653783110168048
"886" 0.151 0.155 0.189 0.18444193493273
"887" 0.427 0.402 0.423 0.455791975305361
"888" 0.001 0 0 0.000285104346534726
"889" 0.009 0.006 0.014 0.00550630922445683
"890" 0.002 0.001 0 1.82624939081277e-05
"891" 0.014 0.009 0.01 0.00713473454140612
"892" 0.29 0.29 0.308 0.335310803452932
"893" 0.309 0.322 0.288 0.3414063291177
"894" 0 0.003 0.003 0.00099853047024101
"895" 0.076 0.082 0.099 0.094938998790344
"896" 0.048 0.039 0.04 0.0325822650424458
"897" 0.048 0.052 0.053 0.0484635237306859
"898" 0.061 0.061 0.066 0.0593981147993562
"899" 0.073 0.076 0.076 0.0747501424697421
"900" 0.272 0.253 0.276 0.309261639879611
"901" 0.047 0.047 0.04 0.0455941198605134
"902" 0.002 0 0.003 0.000122343316041551
"903" 0.269 0.263 0.267 0.29450905715963
"904" 0.138 0.15 0.14 0.155213413270901
"905" 0.009 0.01 0.009 0.00660638988420104
"906" 0.01 0.008 0.011 0.00680209549064137
"907" 0.397 0.398 0.401 0.425238158161322
"908" 0 0 0 3.14107376253592e-06
"909" 0 0 0 1.14637878079193e-08
"910" 0.253 0.232 0.228 0.254003233729495
"911" 0.157 0.168 0.17 0.187144507099193
"912" 0.282 0.265 0.267 0.304625263270666
"913" 0.304 0.292 0.289 0.331276188121943
"914" 0.021 0.025 0.019 0.0184315317068067
"915" 0.095 0.099 0.128 0.124613351966418
"916" 0.169 0.195 0.178 0.201226269120577
"917" 0.419 0.399 0.418 0.443950672634419
"918" 0.081 0.09 0.092 0.0966505669674111
"919" 0.019 0.016 0.026 0.0140042975882033
"920" 0.14 0.114 0.127 0.136423435660111
"921" 0.326 0.32 0.361 0.36240497275944
"922" 0.002 0.001 0.001 0.000375264901772532
"923" 0.511 0.526 0.555 0.544605636581613
"924" 0.079 0.06 0.075 0.074771386568631
"925" 0.016 0.013 0.014 0.0107200897321348
"926" 0.125 0.105 0.122 0.133435362879243
"927" 0.139 0.145 0.133 0.152480495200254
"928" 0.188 0.16 0.186 0.183776209591094
"929" 0.026 0.022 0.026 0.0245018148569808
"930" 0.031 0.038 0.03 0.0257708585490766
"931" 0.005 0.002 0.004 0.00147953133308976
"932" 0.014 0.013 0.012 0.00646903877257954
"933" 0.027 0.02 0.023 0.0152703900265253
"934" 0.103 0.112 0.124 0.119749092499875
"935" 0.034 0.037 0.049 0.0342923064730543
"936" 0 0 0 3.40703574153167e-06
"937" 0.156 0.137 0.145 0.168967828109021
"938" 0.037 0.033 0.034 0.0320549456246126
"939" 0.235 0.209 0.192 0.23785937220713
"940" 0.011 0.02 0.014 0.0112222370458955
"941" 0.612 0.627 0.63 0.598569989780259
"942" 0.023 0.017 0.03 0.015452154382302
"943" 0 0 0 7.95080059610154e-05
"944" 0.132 0.111 0.13 0.140788536848827
"945" 0 0.002 0 0.000268404557080548
"946" 0.14 0.128 0.148 0.140710988174583
"947" 0.008 0.003 0.006 0.00277487770826446
"948" 0.018 0.026 0.014 0.0208849807599565
"949" 0.122 0.119 0.128 0.1349170141415
"950" 0.038 0.034 0.044 0.0385397876618703
"951" 0.018 0.007 0.016 0.00906071281516363
"952" 0.072 0.068 0.061 0.081219071894423
"953" 0.007 0.007 0.003 0.00239459636202255
"954" 0.046 0.068 0.048 0.0487856493674872
"955" 0.13 0.114 0.132 0.144445571709271
"956" 0.416 0.422 0.454 0.437945608990631
"957" 0.201 0.233 0.251 0.255177751542575
"958" 0.4 0.427 0.414 0.436487896943116
"959" 0 0.001 0.008 0.00100189353502289
"960" 0.304 0.285 0.293 0.321321751347939
"961" 0.005 0.004 0.012 0.00363629783073538
"962" 0 0 0.002 0.000428667859782794
"963" 0.077 0.08 0.088 0.0911921548746856
"964" 0.044 0.063 0.061 0.0534027876162858
"965" 0.052 0.046 0.042 0.0465859322855169
"966" 0.029 0.032 0.046 0.0331965866759487
"967" 0.013 0.015 0.009 0.00854344005591479
"968" 0.593 0.593 0.6 0.576319131993828
"969" 0.004 0.004 0.01 0.00312881551113364
"970" 0.013 0.013 0.016 0.0105643712065371
"971" 0.729 0.74 0.737 0.691374920641321
"972" 0.002 0.001 0.002 0.000472674426812869
"973" 0.037 0.034 0.043 0.0373633811909436
"974" 0.041 0.034 0.039 0.0338358111279979
"975" 0.123 0.123 0.163 0.139434261583156
"976" 0.386 0.397 0.398 0.442012297811734
"977" 0.012 0.008 0.016 0.0086490443082945
"978" 0.151 0.185 0.16 0.180981623974154
"979" 0.24 0.253 0.279 0.283828479836571
"980" 0.536 0.549 0.552 0.535237260625709
"981" 0.001 0.001 0.001 7.64723083921393e-05
"982" 0.025 0.02 0.03 0.0238131463621917
"983" 0.054 0.073 0.07 0.0712654191585258
"984" 0 0 0 1.72371961149054e-09
"985" 0.007 0.006 0.006 0.00286923928216865
"986" 0.127 0.142 0.143 0.159262454596286
"987" 0.017 0.017 0.021 0.0125182938828898
"988" 0.515 0.494 0.525 0.524085357039629
"989" 0 0.001 0.001 2.2287097334317e-05
"990" 0.086 0.087 0.088 0.100003545364491
"991" 0.278 0.236 0.254 0.283453219528768
"992" 0.111 0.115 0.107 0.114129620782638
"993" 0.006 0.002 0.006 0.00218711846982989
"994" 0.001 0 0.002 0.000132714994831029
"995" 0 0 0 6.45428745640331e-05
"996" 0 0.001 0.002 0.000385043000753926
"997" 0.001 0 0.004 0.000515956142405294
"998" 0.001 0 0.001 6.83017769158578e-05
"999" 0.066 0.064 0.062 0.0748574315800943
"1000" 0.473 0.478 0.493 0.495911434197082
