"A" "B" "P" "BT"
"1" 0 0 0 4.38089111420847e-06
"2" 0 0 0 1.07928217474296e-08
"3" 0 0 0 3.40318773162096e-10
"4" 0 0 0 3.36638402265166e-07
"5" 0 0 0 6.64436097808085e-07
"6" 0 0 0 3.26415616758169e-09
"7" 0 0 0 1.69185804654859e-06
"8" 0 0 0 1.63166096511791e-06
"9" 0 0 0 5.59506631344631e-05
"10" 0 0 0 7.6468249510242e-09
"11" 0 0 0 6.19815310187732e-12
"12" 0 0 0 5.47139040740774e-08
"13" 0 0 0 2.36234479900066e-06
"14" 0 0 0 6.45855711134402e-08
"15" 0 0 0 7.68740525680656e-08
"16" 0 0 0 5.63660513819286e-08
"17" 0 0 0 1.4866830079896e-05
"18" 0 0 0 7.68605623591156e-10
"19" 0 0 0 4.54301896102294e-09
"20" 0 0 0 2.12119211084882e-11
"21" 0.001 0 0 9.74790843560891e-05
"22" 0 0 0 4.87294982143283e-10
"23" 0 0 0 4.33035851621355e-08
"24" 0 0.001 0 8.99781338237204e-06
"25" 0 0 0 1.58561175300775e-09
"26" 0 0 0 9.63746860094261e-11
"27" 0 0 0 8.11336222650283e-07
"28" 0 0 0 2.9153346403632e-12
"29" 0 0 0 1.82877989307606e-07
"30" 0 0 0 7.75157715793284e-11
"31" 0 0 0 1.80390292370269e-07
"32" 0 0 0 4.17408019259824e-09
"33" 0 0 0 7.01871893937778e-12
"34" 0 0 0 5.44369181953996e-08
"35" 0 0 0 1.18160836670711e-09
"36" 0 0 0 4.58329318941963e-09
"37" 0 0 0 1.06989959836046e-06
"38" 0 0 0 4.18354492159878e-08
"39" 0.001 0 0 5.34234837314962e-05
"40" 0 0 0 1.2546511163336e-08
"41" 0 0 0 1.96684571629469e-07
"42" 0.003 0.002 0.001 0.000944131843665263
"43" 0 0 0 9.90673730827396e-08
"44" 0 0 0 3.15735490297175e-06
"45" 0 0 0 2.35566108452989e-06
"46" 0 0 0 8.11954522506042e-08
"47" 0 0 0 5.90104339071029e-06
"48" 0 0 0 1.63920818655461e-05
"49" 0 0 0 6.20699526110435e-07
"50" 0 0 0 3.57040129461694e-07
"51" 0 0 0 8.49469780184187e-07
"52" 0.001 0 0 1.85629339799487e-06
"53" 0 0 0 2.59316024209255e-08
"54" 0 0 0 3.11053545655193e-05
"55" 0 0 0 4.9643178456904e-10
"56" 0 0 0 1.04018904600878e-10
"57" 0 0 0 9.48404946798931e-08
"58" 0 0 0 2.43821086454155e-06
"59" 0 0 0 1.30820023702682e-08
"60" 0 0 0 1.98143428886688e-07
"61" 0 0 0 7.76288399551017e-06
"62" 0 0 0 2.52681694457024e-08
"63" 0 0 0 1.33286714998349e-11
"64" 0 0 0 1.92142080024382e-09
"65" 0 0 0 5.34792334416778e-07
"66" 0 0 0 5.13589171191597e-13
"67" 0 0.001 0 1.36656061229257e-05
"68" 0 0 0 5.27086453439018e-06
"69" 0 0 0 2.67035431877893e-07
"70" 0 0 0 5.19255996311863e-06
"71" 0 0 0 5.6183735441806e-10
"72" 0 0 0 1.29906421619808e-07
"73" 0 0 0 1.49819826544828e-08
"74" 0 0 0 0
"75" 0 0 0 5.96768756633281e-08
"76" 0 0 0 2.79846052753108e-06
"77" 0 0 0 1.79697747793028e-08
"78" 0 0 0 4.63456913430971e-05
"79" 0 0 0 4.52874193701547e-08
"80" 0 0 0 3.6288215178315e-06
"81" 0 0 0 1.15224146890469e-08
"82" 0 0 0 4.98778796043098e-12
"83" 0 0.001 0 0.000122246712145002
"84" 0 0 0 4.15040149803758e-07
"85" 0 0 0 5.11792790769405e-06
"86" 0 0 0 7.31836813372411e-12
"87" 0 0 0 1.26264093625039e-08
"88" 0 0 0 5.10893771732412e-10
"89" 0 0 0 5.65830604593032e-10
"90" 0 0 0 5.79405675915634e-06
"91" 0 0 0 1.78510439552415e-06
"92" 0 0 0 1.12640230476302e-10
"93" 0 0 0 9.05830965791665e-13
"94" 0 0 0 5.24566756809897e-07
"95" 0 0 0 0
"96" 0 0 0 6.41627861952543e-11
"97" 0 0 0 1.8333717943797e-07
"98" 0 0 0 4.39914771277472e-12
"99" 0 0 0 1.38737511479192e-08
"100" 0.001 0 0 4.58550095545629e-05
"101" 0 0 0 6.21350904062012e-09
"102" 0 0 0 2.34207875315917e-10
"103" 0 0 0 6.69587047918974e-07
"104" 0 0 0 1.68865621652525e-06
"105" 0 0 0 4.61507645432846e-08
"106" 0 0 0 1.77958642044729e-07
"107" 0.001 0 0 5.13808536606319e-07
"108" 0 0 0 1.30018218413852e-12
"109" 0 0 0 5.86110060485368e-09
"110" 0 0 0 1.20800811154176e-06
"111" 0 0 0 6.50387443945633e-06
"112" 0 0 0 1.1053947535089e-08
"113" 0 0 0 8.95294949287972e-12
"114" 0 0 0 1.37997457905215e-09
"115" 0 0 0 1.44372973145401e-05
"116" 0 0 0 8.24534418519818e-09
"117" 0 0 0 1.28479227257117e-10
"118" 0 0 0 1.14784726168438e-09
"119" 0 0 0 3.39318573239211e-11
"120" 0 0 0 9.38861264287993e-08
"121" 0 0 0 3.41371557510683e-06
"122" 0 0 0 1.89086031499031e-07
"123" 0 0 0 1.73467018278473e-05
"124" 0 0 0 9.58778603177279e-08
"125" 0 0 0 4.84195683547739e-10
"126" 0 0 0 1.34430477705116e-06
"127" 0 0 0 1.94452512980448e-08
"128" 0 0 0 5.89999080702341e-08
"129" 0 0 0 1.45020789488193e-07
"130" 0 0 0 1.9032845754996e-07
"131" 0 0 0 5.47648927540223e-07
"132" 0 0 0 6.51197264001091e-06
"133" 0 0 0 8.31729681793902e-08
"134" 0 0 0 1.24328469408574e-06
"135" 0 0 0 3.11878300962576e-11
"136" 0 0 0 8.4885070750218e-08
"137" 0 0 0 1.32103223704494e-06
"138" 0 0 0 2.85798949950511e-07
"139" 0 0 0 3.73419661858776e-09
"140" 0 0 0 8.88999984738348e-12
"141" 0 0 0 9.6862406984144e-11
"142" 0 0 0 2.68140902814906e-08
"143" 0 0 0 5.07965291496326e-07
"144" 0 0 0 4.65277927297336e-10
"145" 0 0 0 3.297363449839e-06
"146" 0 0 0 2.81987544425988e-10
"147" 0 0 0 8.38523888657683e-07
"148" 0 0 0 4.82695217018936e-07
"149" 0 0 0 3.161083617087e-10
"150" 0 0 0 8.54559689678069e-09
"151" 0 0 0 5.04264773515395e-06
"152" 0 0 0 1.11022302462516e-16
"153" 0 0 0 2.15255315350049e-07
"154" 0 0 0 7.46784454561666e-05
"155" 0 0 0 1.61434548717754e-06
"156" 0 0 0 5.04091546282837e-10
"157" 0 0 0 1.3225074030343e-06
"158" 0 0 0 1.0357100417302e-06
"159" 0 0 0 1.08213352500997e-07
"160" 0 0 0 2.11890966883566e-07
"161" 0 0 0 1.83153727073559e-07
"162" 0 0 0 5.6498553335782e-07
"163" 0 0 0 3.43621953335926e-07
"164" 0 0 0 1.04895415020678e-07
"165" 0 0 0 2.11829442875455e-11
"166" 0 0 0 1.44639078492048e-10
"167" 0 0 0 2.6636786554235e-08
"168" 0 0 0 2.37516979750829e-07
"169" 0 0 0 5.9709427735477e-08
"170" 0 0 0 1.54955603903772e-10
"171" 0 0 0 8.36120062075452e-12
"172" 0 0 0 2.89102730643975e-09
"173" 0 0 0 3.89601179340282e-06
"174" 0 0 0 9.62268820181578e-10
"175" 0 0 0 8.66299435746676e-05
"176" 0 0 0 1.22977381611378e-08
"177" 0 0 0 1.56774063986287e-06
"178" 0 0 0 5.96279692288704e-11
"179" 0 0 0 7.13042402900044e-10
"180" 0 0 0 6.04803960088107e-05
"181" 0 0 0 1.30442929124897e-07
"182" 0 0 0 4.13613587824102e-12
"183" 0 0 0 7.20317050451058e-09
"184" 0 0 0 1.60982338570648e-14
"185" 0 0 0 1.01960107024013e-10
"186" 0 0 0 1.11898013054335e-05
"187" 0 0 0 5.35945387325487e-06
"188" 0 0 0 4.8728854284974e-09
"189" 0 0 0 8.25702065720968e-07
"190" 0 0 0 1.76021660691639e-07
"191" 0 0 0 3.5339938420087e-08
"192" 0 0 0 1.18942107274478e-08
"193" 0 0 0 4.21891732660384e-09
"194" 0 0 0 3.79019271523617e-09
"195" 0 0 0 1.01475434888254e-05
"196" 0 0 0 2.88766953682185e-08
"197" 0 0 0 2.66335817522556e-06
"198" 0 0 0 7.31415628063559e-09
"199" 0 0 0 1.24143130220133e-07
"200" 0 0 0 3.93900381201462e-08
"201" 0 0 0 1.04162234393357e-11
"202" 0 0 0 6.21674223211244e-09
"203" 0 0 0 8.63609073586957e-07
"204" 0.001 0 0 3.09641898800228e-05
"205" 0 0 0 1.09769304756924e-10
"206" 0 0 0 2.65877320160257e-11
"207" 0 0 0 3.66373598126302e-15
"208" 0 0 0 1.90199572569494e-06
"209" 0 0 0 1.69431135788045e-12
"210" 0 0 0 9.14544784347271e-09
"211" 0 0 0 7.43051875584655e-09
"212" 0 0 0 1.26625527763213e-06
"213" 0.001 0.001 0 4.2128468257463e-05
"214" 0 0 0 2.88300882256287e-06
"215" 0 0 0 4.63717211296455e-08
"216" 0 0 0 1.21924367491033e-07
"217" 0 0 0 2.44041150160301e-05
"218" 0 0 0 5.86703698512991e-07
"219" 0 0 0 9.82019471451601e-06
"220" 0 0 0 1.57069446338198e-09
"221" 0 0 0 9.8775606804935e-07
"222" 0 0 0 2.84036133391119e-06
"223" 0 0 0 4.41596174072245e-08
"224" 0 0 0 1.78183969912205e-06
"225" 0 0 0 1.39901235041151e-09
"226" 0 0 0 0.000105198264253259
"227" 0 0 0 1.9137696927185e-07
"228" 0 0 0 2.74124960508715e-08
"229" 0.001 0 0 3.68192646936771e-05
"230" 0 0 0 1.42222011945137e-10
"231" 0 0 0 1.4999224396961e-06
"232" 0 0 0 1.04508773302037e-07
"233" 0 0 0 6.43677167344592e-07
"234" 0.001 0.001 0 9.45151060381955e-05
"235" 0 0 0 4.6561274869017e-07
"236" 0 0 0 8.97513285913476e-10
"237" 0 0 0 4.69058160401659e-06
"238" 0 0 0 3.1698661473456e-09
"239" 0 0 0 4.71940651508573e-05
"240" 0.001 0 0 3.57436718712023e-05
"241" 0 0 0 5.97285548242787e-06
"242" 0 0 0 8.37745428583503e-11
"243" 0 0 0 1.46808464274173e-08
"244" 0 0 0 3.17241468650309e-08
"245" 0 0 0 2.46084331800844e-08
"246" 0 0 0 3.09445802315622e-11
"247" 0 0 0 1.02771569032711e-09
"248" 0 0 0 2.23056004888811e-07
"249" 0 0 0 1.53328461038882e-11
"250" 0 0 0 6.24137519444901e-09
"251" 0 0 0 2.31059060218364e-07
"252" 0 0 0 1.22235415001004e-06
"253" 0 0 0 7.57975460174976e-10
"254" 0 0 0 1.60548628924673e-06
"255" 0 0 0 2.88037982354439e-09
"256" 0 0 0 7.01726454721552e-11
"257" 0 0 0 4.18783394043887e-05
"258" 0 0 0 1.36725206776322e-05
"259" 0 0 0 1.17486544937151e-08
"260" 0 0 0 2.67200606085538e-09
"261" 0 0 0 3.66816133023917e-10
"262" 0 0 0 1.95377999223645e-07
"263" 0 0 0 2.97499802570655e-11
"264" 0 0 0 3.71626367989819e-06
"265" 0 0 0 9.07046635467701e-07
"266" 0 0 0 0
"267" 0 0 0 1.09869554187902e-06
"268" 0 0 0 2.22598080512615e-06
"269" 0 0 0 4.30212354629589e-09
"270" 0 0 0 1.29002414306356e-08
"271" 0 0 0 1.760318002475e-09
"272" 0 0 0 5.18351968492592e-06
"273" 0 0 0 4.86170874669511e-08
"274" 0 0 0 9.76996261670138e-15
"275" 0 0 0 7.44045325462572e-07
"276" 0 0 0 3.01051517048734e-10
"277" 0 0 0 5.69007285733392e-10
"278" 0 0 0 4.70497685256532e-09
"279" 0 0 0 4.79182193924288e-09
"280" 0 0 0 6.83926915101551e-10
"281" 0 0 0 9.33097782374048e-08
"282" 0 0 0 3.16400278344009e-06
"283" 0 0 0 2.32955056356232e-07
"284" 0 0 0 1.11129958568768e-08
"285" 0 0 0 2.62726680189118e-07
"286" 0 0 0 6.17334028341077e-09
"287" 0 0 0 7.78266340262235e-14
"288" 0 0 0 6.64979038500491e-09
"289" 0.001 0.001 0 0.000437940988409768
"290" 0 0 0 9.72935985188439e-06
"291" 0 0 0 3.09264169828793e-10
"292" 0 0 0 1.65167676202671e-08
"293" 0 0 0 1.21424126309222e-09
"294" 0 0 0 4.93842889248697e-07
"295" 0 0 0 1.79777221998023e-08
"296" 0 0 0 1.97162286497132e-11
"297" 0 0 0 1.48211092398931e-07
"298" 0 0 0 1.85195884849776e-07
"299" 0 0 0 1.13087772366516e-05
"300" 0 0 0 2.51300205533767e-07
"301" 0 0 0 6.01277994061178e-08
"302" 0 0 0 6.77469191856517e-12
"303" 0 0 0 5.19584375524573e-14
"304" 0 0 0 1.96052644230171e-07
"305" 0 0 0 8.1435004800845e-05
"306" 0 0 0 1.0610778489184e-07
"307" 0 0 0 6.20324371203296e-07
"308" 0 0 0 3.27443090852864e-06
"309" 0 0 0 2.2674140991441e-06
"310" 0 0 0 3.25814930590695e-11
"311" 0 0 0 2.11452189091688e-10
"312" 0 0 0 4.22875068295525e-11
"313" 0 0 0 0.000119406456620896
"314" 0 0 0 1.06039442671069e-07
"315" 0 0.001 0 0.00013891180544201
"316" 0 0 0 2.79597667240949e-09
"317" 0 0 0 1.56389304839522e-08
"318" 0 0 0 7.68878383183846e-09
"319" 0 0 0 1.25441375153912e-06
"320" 0 0 0 9.36881772162224e-09
"321" 0 0 0 3.7390091023326e-12
"322" 0 0 0 2.94941848721919e-11
"323" 0 0 0 1.73408631898297e-09
"324" 0 0 0 3.04318702903927e-07
"325" 0 0 0 1.22050147766117e-10
"326" 0 0 0 1.68100777964142e-06
"327" 0 0 0 3.01126435131582e-06
"328" 0 0 0 8.03718016584298e-08
"329" 0 0 0 6.49476139535921e-10
"330" 0 0 0 2.25023037724315e-05
"331" 0 0 0 2.28130399015924e-08
"332" 0 0 0 7.39363459345554e-10
"333" 0 0 0 2.52542313039505e-06
"334" 0 0 0 1.28811311839172e-07
"335" 0 0 0 4.32038638198406e-09
"336" 0 0 0 6.51738663037804e-11
"337" 0 0 0 1.06881253847391e-08
"338" 0 0 0.002 0.000106733117478663
"339" 0 0 0 1.11022302462516e-16
"340" 0 0 0 8.16170688922035e-07
"341" 0 0 0 4.94113939764063e-08
"342" 0 0 0 4.49973391880576e-13
"343" 0 0 0 7.60319020520761e-07
"344" 0 0 0 8.31339230789041e-09
"345" 0 0 0 1.83580220391999e-05
"346" 0 0 0 4.03508115809359e-10
"347" 0 0 0 7.80630900365509e-07
"348" 0 0 0 3.22308846278929e-12
"349" 0 0 0 2.0178336779253e-10
"350" 0 0 0 3.01368374699962e-10
"351" 0 0 0 1.36010680495957e-09
"352" 0 0 0 6.76845246516677e-11
"353" 0 0 0 3.13671311147345e-12
"354" 0 0 0 1.7674331698192e-07
"355" 0 0 0 1.63191682389652e-12
"356" 0 0 0 7.34301148441752e-07
"357" 0 0 0 7.91703522073917e-07
"358" 0 0 0 3.81117799874708e-07
"359" 0 0 0 5.52724854885334e-07
"360" 0 0 0 2.36544963816421e-06
"361" 0 0.001 0 1.5740044773116e-06
"362" 0 0 0 3.96875252883788e-07
"363" 0 0 0 3.44169137633799e-15
"364" 0 0 0 1.34811595886575e-07
"365" 0 0 0 4.00124378074906e-13
"366" 0 0 0 5.83587389524354e-09
"367" 0 0 0 4.42978986825437e-14
"368" 0 0 0 4.66614950234145e-06
"369" 0 0 0 2.3912202773424e-08
"370" 0 0 0 2.53490614054996e-08
"371" 0 0 0 5.27802712646519e-09
"372" 0 0 0 2.07897513215816e-06
"373" 0 0 0 8.40095227350179e-06
"374" 0 0 0 1.82826503158928e-07
"375" 0 0 0 2.89890533800019e-09
"376" 0 0 0 2.28057681977978e-05
"377" 0 0 0 1.11436072147697e-07
"378" 0 0 0 1.14861957389856e-07
"379" 0 0 0 5.01727465129775e-08
"380" 0 0 0 6.29576025534817e-07
"381" 0 0 0 4.52557375685281e-06
"382" 0 0 0 1.30547384014079e-08
"383" 0 0 0 1.87686532981957e-11
"384" 0 0 0 2.1719949727661e-08
"385" 0 0 0 4.41017222740925e-11
"386" 0 0 0 1.66034618287458e-06
"387" 0 0 0 2.06008167458194e-06
"388" 0 0 0 5.8086053977835e-07
"389" 0 0 0 6.6321392822033e-11
"390" 0 0 0 8.98672670512912e-06
"391" 0 0 0 8.11161135827465e-06
"392" 0 0 0 1.77743207263603e-07
"393" 0 0 0 7.27038153547355e-06
"394" 0 0 0 1.05704267272522e-06
"395" 0 0 0 1.58423365537175e-08
"396" 0 0 0 9.85474335468695e-09
"397" 0 0 0 2.43637165997512e-08
"398" 0 0 0 7.76634818566713e-07
"399" 0 0 0 2.26562493210736e-08
"400" 0 0 0 2.91028312560115e-09
"401" 0 0 0 2.14417180344206e-07
"402" 0.001 0 0 7.52930855996148e-07
"403" 0 0 0 7.33925142881731e-11
"404" 0 0 0 2.44275710770125e-11
"405" 0 0 0 9.2148511043888e-15
"406" 0 0 0 2.47298487776604e-06
"407" 0 0 0 8.64768856523312e-09
"408" 0 0 0 1.19304233159312e-09
"409" 0 0 0 9.40704638296985e-07
"410" 0 0 0 1.16225282731364e-08
"411" 0 0 0 2.09634218872878e-08
"412" 0 0 0 2.04652075552758e-06
"413" 0 0 0 2.07451647848966e-06
"414" 0 0 0 1.89115588189459e-07
"415" 0 0 0 3.05511171916351e-12
"416" 0 0 0 7.2434122921905e-08
"417" 0 0 0 5.61303459267748e-09
"418" 0 0 0 3.96502754396177e-06
"419" 0 0 0 3.79703554154176e-08
"420" 0 0 0 2.78158607258661e-09
"421" 0 0 0 3.50108037783237e-07
"422" 0 0 0 1.549042322746e-06
"423" 0 0 0 1.01913866557002e-06
"424" 0 0 0 3.64073993175396e-10
"425" 0 0 0 4.15390222219258e-09
"426" 0 0 0 7.48990069965316e-09
"427" 0 0.001 0 3.85455844353899e-06
"428" 0 0 0 1.40610732857205e-06
"429" 0 0.001 0 1.3704089015909e-05
"430" 0 0 0 1.53634882593678e-11
"431" 0 0 0 2.99345559451325e-09
"432" 0 0.002 0 2.13637843221592e-05
"433" 0 0 0 1.82564454398459e-06
"434" 0 0 0 4.58501168032477e-07
"435" 0 0 0 1.54734009742974e-05
"436" 0 0 0 2.15205596676427e-08
"437" 0 0 0 1.29488140643286e-06
"438" 0 0 0 2.44892163425714e-06
"439" 0 0 0 6.41192541273039e-06
"440" 0 0 0 1.01120244400121e-08
"441" 0 0 0 1.29243044142413e-05
"442" 0 0 0 3.56451878236186e-07
"443" 0 0 0 4.23994173104347e-12
"444" 0 0 0 3.16094928010102e-11
"445" 0 0 0 2.06869214203209e-07
"446" 0 0 0 1.77906800402639e-10
"447" 0 0 0 5.94567284295522e-10
"448" 0 0 0 2.7215416134041e-06
"449" 0 0 0 1.0435157508093e-06
"450" 0 0 0 7.00853681756541e-07
"451" 0 0.001 0 4.49997881779574e-06
"452" 0 0 0 7.40372207985729e-11
"453" 0 0 0 2.92205604157658e-09
"454" 0 0 0 6.6353002847741e-07
"455" 0 0 0.001 1.35908101311921e-05
"456" 0 0 0 4.24273380872364e-08
"457" 0 0 0 6.88338275267597e-15
"458" 0 0 0 1.39943612254001e-12
"459" 0 0 0 1.58557969642814e-07
"460" 0 0 0 2.9783616317669e-07
"461" 0 0 0 1.03439546705886e-07
"462" 0 0 0 6.68462579733742e-07
"463" 0 0 0 5.27474730560584e-11
"464" 0 0 0 3.32946472836326e-07
"465" 0 0 0 2.52468046468834e-11
"466" 0 0 0 1.01874169766702e-07
"467" 0 0 0 2.65326891568662e-08
"468" 0 0 0 5.28619559236887e-09
"469" 0 0 0 1.4218442948577e-06
"470" 0 0 0 8.73757825414767e-06
"471" 0 0 0 3.34241356936271e-06
"472" 0 0 0 3.06324854371098e-10
"473" 0 0 0 3.07869962856699e-08
"474" 0 0 0 3.7980398714943e-08
"475" 0 0 0 6.15058892705633e-10
"476" 0 0 0 1.26557936541705e-06
"477" 0 0 0 2.41706192838365e-08
"478" 0 0 0 1.50422168899711e-05
"479" 0 0 0 5.88556259868422e-05
"480" 0 0.003 0 1.66434792472359e-05
"481" 0 0 0 2.71526678918832e-09
"482" 0 0.002 0 3.05945784264683e-05
"483" 0 0 0 2.8483881919783e-11
"484" 0 0 0 3.73390596219991e-09
"485" 0 0 0 6.73484903290777e-07
"486" 0 0 0 4.38105995925753e-10
"487" 0 0 0 2.68875033349047e-10
"488" 0 0 0 6.9066974361931e-13
"489" 0 0 0 4.62385685295885e-12
"490" 0 0 0 4.81809756180951e-06
"491" 0 0 0 3.24474865531776e-07
"492" 0 0.001 0 2.4901893003193e-06
"493" 0 0 0 6.54723270265833e-07
"494" 0 0 0 4.59870347357949e-08
"495" 0 0 0 1.15947629708568e-06
"496" 0 0 0 1.93777262569306e-07
"497" 0 0 0 1.20760254684882e-06
"498" 0 0 0 6.932752150135e-10
"499" 0 0 0 1.0562970131911e-07
"500" 0 0 0 3.53031315292185e-09
"501" 0 0 0 7.04116422833856e-07
"502" 0 0 0 2.0289956492725e-08
"503" 0 0 0 9.16566183950529e-07
"504" 0 0 0 1.02373971176961e-05
"505" 0 0 0 7.74852881857413e-09
"506" 0 0 0 2.85184454940079e-08
"507" 0 0 0 1.98981942034493e-11
"508" 0 0 0 4.25789625779771e-10
"509" 0 0 0 5.8173332817546e-10
"510" 0 0 0 1.28808075317011e-12
"511" 0 0 0 1.1578204683893e-07
"512" 0.001 0 0 9.04217169076516e-05
"513" 0 0 0 3.27709486602767e-06
"514" 0 0 0 4.62551410285172e-07
"515" 0 0 0 4.79472905823286e-10
"516" 0 0 0 1.78150605378846e-10
"517" 0 0 0 1.8918306921023e-09
"518" 0 0 0 1.58297091459314e-05
"519" 0 0 0 6.54731578397794e-07
"520" 0 0 0 7.0171649452222e-06
"521" 0 0 0 1.66625935271725e-10
"522" 0 0 0 8.85546969087159e-10
"523" 0 0 0 1.72890030181172e-07
"524" 0 0 0 7.7215156158994e-06
"525" 0 0 0 6.3581492293352e-08
"526" 0 0 0 1.25112018882767e-05
"527" 0 0 0 1.26643565523388e-07
"528" 0 0 0 7.30031541884557e-08
"529" 0 0 0 1.57641366627104e-09
"530" 0 0 0 4.01379174341798e-09
"531" 0 0 0 6.04410331783711e-08
"532" 0 0 0 3.31727331159826e-07
"533" 0 0 0 4.07519074041574e-09
"534" 0 0 0 1.07796164217078e-08
"535" 0 0 0 3.29757665618047e-10
"536" 0 0 0 1.13500094028884e-05
"537" 0 0 0 1.3998466386056e-08
"538" 0 0 0 1.25499020064979e-08
"539" 0 0 0 9.46465128492946e-13
"540" 0 0 0 3.35664163131355e-09
"541" 0 0 0 3.90583451984616e-05
"542" 0 0 0 1.26485933642506e-05
"543" 0 0 0 1.58474974920608e-07
"544" 0 0 0 9.96578891632183e-08
"545" 0 0 0 9.77384201350517e-07
"546" 0 0 0 1.40992781455518e-05
"547" 0 0 0 3.21210924525417e-09
"548" 0 0 0 3.74766662147863e-09
"549" 0 0 0 5.02414579606203e-07
"550" 0 0 0 1.92009037836005e-06
"551" 0 0 0 6.80576730527349e-08
"552" 0 0 0 6.233302822789e-07
"553" 0 0 0 3.66753516023444e-06
"554" 0 0 0 5.40290555628431e-08
"555" 0 0 0 5.34427040399521e-08
"556" 0 0 0 3.98875651053121e-06
"557" 0 0 0 1.9294423002636e-06
"558" 0 0 0 1.9363434522468e-08
"559" 0 0 0 3.41407484716338e-06
"560" 0 0 0 1.16092135904466e-10
"561" 0 0 0 1.4288625838077e-10
"562" 0 0 0 1.47473744327442e-09
"563" 0 0 0 6.27402574338021e-11
"564" 0 0 0 2.75051093012735e-11
"565" 0 0 0 3.35917165195099e-08
"566" 0 0 0 7.38876339556604e-07
"567" 0 0 0 8.34713695030409e-06
"568" 0 0 0 6.76638413077413e-08
"569" 0 0 0 2.11930584192999e-10
"570" 0 0 0 1.09148223015332e-07
"571" 0 0 0 2.86929623901644e-05
"572" 0 0 0 1.71452483321843e-08
"573" 0 0 0 2.20307113663054e-07
"574" 0 0 0 7.57482965241252e-12
"575" 0 0 0 1.47377214876343e-06
"576" 0 0 0 5.98959759567919e-09
"577" 0 0 0 3.4146232508192e-08
"578" 0 0 0 1.74769716476675e-08
"579" 0 0.001 0 0.000151278802235089
"580" 0 0 0 1.15143062950906e-06
"581" 0.001 0 0 3.34335185487866e-05
"582" 0 0.001 0 5.43839606973462e-05
"583" 0 0 0 1.06326059068351e-12
"584" 0 0 0 1.58193053101385e-08
"585" 0 0 0 1.10110809359298e-11
"586" 0 0 0 1.14130581319039e-07
"587" 0 0 0 1.96459515322545e-11
"588" 0 0 0 1.47881706880071e-13
"589" 0 0 0 9.5423328886346e-06
"590" 0 0 0 1.7775360072747e-09
"591" 0 0 0 1.64482037878777e-07
"592" 0 0 0 4.13888701089604e-10
"593" 0 0 0 4.31808341860851e-06
"594" 0 0 0 1.55902395740926e-05
"595" 0 0 0 1.29075452688365e-05
"596" 0 0 0 1.73254514512777e-07
"597" 0 0 0 4.53428405933209e-11
"598" 0 0 0 1.00126917867982e-09
"599" 0 0 0 1.16120107973572e-08
"600" 0 0 0 3.99680288865056e-15
"601" 0.001 0.001 0 1.41981577443939e-05
"602" 0 0 0 1.72563256017888e-07
"603" 0 0 0 4.02294775270207e-09
"604" 0 0 0 1.14659091110525e-08
"605" 0 0 0 3.34006055369152e-06
"606" 0 0 0 3.08452084984978e-08
"607" 0 0 0 5.28921351161671e-12
"608" 0 0 0 2.03083522776204e-07
"609" 0 0 0 1.42230579536218e-08
"610" 0 0 0 2.05237556394344e-07
"611" 0 0 0 2.08652632061046e-07
"612" 0 0 0 7.09673176324532e-06
"613" 0 0 0 4.77773565155104e-09
"614" 0 0 0 1.50438537183106e-08
"615" 0 0 0 3.23233328991535e-10
"616" 0 0 0 1.44896095122249e-10
"617" 0 0 0 2.98632579220914e-07
"618" 0 0 0 2.75208114186576e-07
"619" 0 0 0 5.10702591327572e-15
"620" 0 0 0 5.32037619853654e-05
"621" 0 0 0 1.04744831141979e-07
"622" 0 0 0 1.11022302462516e-16
"623" 0 0 0 6.34549749412017e-08
"624" 0 0 0 6.10502930431522e-08
"625" 0 0 0 5.90716693782412e-07
"626" 0 0 0 2.13742470389633e-08
"627" 0 0 0 3.62928687103192e-10
"628" 0 0 0.001 2.76325673942424e-05
"629" 0 0 0 1.45341618074113e-07
"630" 0 0 0 4.77383607422333e-07
"631" 0 0 0 6.05359462557686e-09
"632" 0 0 0 1.2091233569933e-09
"633" 0 0 0.001 1.10318996854319e-05
"634" 0 0 0 5.82099866086594e-08
"635" 0 0 0 3.0040263554465e-07
"636" 0 0 0 5.07301001206883e-09
"637" 0 0 0 7.7140960286215e-10
"638" 0 0 0 4.04004693033144e-08
"639" 0 0 0 2.59727370721663e-08
"640" 0 0 0 5.62915719592993e-08
"641" 0 0 0 1.32974274924536e-08
"642" 0 0 0 8.34521340919991e-12
"643" 0 0 0 7.57208473922688e-07
"644" 0 0 0 3.34177455263429e-07
"645" 0 0 0 1.60715585284521e-09
"646" 0 0 0 2.94427593416913e-10
"647" 0 0 0 4.23046888631262e-08
"648" 0 0 0 6.91177445499846e-07
"649" 0 0 0 1.07622466494206e-10
"650" 0 0 0 2.80521305073833e-08
"651" 0 0.001 0 2.58921508400345e-06
"652" 0 0 0 1.30412407428615e-07
"653" 0 0 0 1.16302348807107e-06
"654" 0.002 0.002 0.001 0.000524353384303344
"655" 0 0 0 1.05650388437795e-09
"656" 0 0 0 4.12416434336649e-10
"657" 0 0 0 5.51426899808583e-07
"658" 0 0.001 0 8.70966951324048e-05
"659" 0 0 0 3.09604007986408e-08
"660" 0 0 0 2.68243697082449e-05
"661" 0 0 0 3.24830162767853e-11
"662" 0 0 0 5.77511857224877e-08
"663" 0 0 0 6.96334974903401e-07
"664" 0 0 0 1.91064941645891e-10
"665" 0 0 0 3.37879724199297e-11
"666" 0 0 0 4.30931790251776e-09
"667" 0 0 0 2.08433270643127e-10
"668" 0 0 0 1.90341765682334e-08
"669" 0 0 0 2.3471822085952e-07
"670" 0 0 0 4.26272964615393e-06
"671" 0 0 0 1.40766287515248e-11
"672" 0 0 0 1.41537707076811e-06
"673" 0 0 0 1.13258991074616e-09
"674" 0 0 0 5.40787935829901e-05
"675" 0 0 0 2.13187245634572e-10
"676" 0 0 0 1.64335382080161e-07
"677" 0 0 0 1.36185755884588e-05
"678" 0 0 0 2.7263864765259e-05
"679" 0 0 0 1.87827531306084e-12
"680" 0 0 0 1.12665365037401e-07
"681" 0 0 0 1.38568836183239e-07
"682" 0 0 0 2.14273043752655e-14
"683" 0 0 0 5.33546040681898e-09
"684" 0 0 0 2.92516861299941e-06
"685" 0 0 0 6.81776309852111e-08
"686" 0 0 0 3.00656521901033e-09
"687" 0 0.001 0 1.55481234440646e-05
"688" 0 0 0 9.83608767768374e-08
"689" 0.001 0 0 2.544536386484e-05
"690" 0 0 0 5.52294543432197e-10
"691" 0 0 0 0
"692" 0 0 0 1.05885057262167e-05
"693" 0 0 0 3.76085201536647e-07
"694" 0 0 0 4.15409040499526e-10
"695" 0 0 0 3.35778418558697e-06
"696" 0 0 0 7.39022509854692e-10
"697" 0 0 0 3.53552566589865e-06
"698" 0.001 0.001 0 3.62384766861013e-07
"699" 0 0 0 1.52394991514981e-07
"700" 0 0 0 2.76776379593002e-11
"701" 0 0 0 1.17043800207384e-08
"702" 0 0 0 2.0201874617598e-09
"703" 0 0 0 1.47676171291522e-09
"704" 0 0 0 3.5527136788005e-15
"705" 0 0 0 1.72415319676933e-05
"706" 0.001 0 0 1.40875553256148e-06
"707" 0 0 0 3.06576986019991e-10
"708" 0 0 0 1.43125193006188e-05
"709" 0 0 0 9.02006691561041e-10
"710" 0 0 0.001 2.05045926549019e-06
"711" 0 0 0 1.13581647420702e-08
"712" 0 0 0 1.52002105568982e-06
"713" 0 0 0 2.32536212507739e-11
"714" 0 0 0 1.34075408448897e-05
"715" 0 0 0 2.54754806139346e-09
"716" 0 0 0 1.83613124704607e-11
"717" 0 0 0 2.92076881902581e-07
"718" 0 0 0 1.09002766190969e-06
"719" 0 0 0 2.03257667474865e-07
"720" 0 0 0 1.46093342978659e-08
"721" 0 0 0 4.44564604240583e-07
"722" 0 0 0 3.43761726750991e-07
"723" 0 0 0 2.4908198836826e-08
"724" 0 0.001 0.002 0.000148073631539125
"725" 0 0 0 4.92332841162124e-11
"726" 0 0 0 1.25676560269739e-08
"727" 0 0 0 3.65478425301546e-10
"728" 0 0 0 8.22438028791339e-09
"729" 0 0 0 4.7917443493084e-06
"730" 0 0 0 3.66851578670335e-07
"731" 0 0 0 1.53741508412963e-08
"732" 0 0 0 3.46161233011344e-08
"733" 0 0 0 4.28154828702176e-07
"734" 0 0 0 3.10696290917178e-09
"735" 0 0 0 1.06232740371137e-06
"736" 0 0 0 1.4200796871755e-08
"737" 0 0 0 1.1776367006e-06
"738" 0 0 0 9.25924245498422e-06
"739" 0 0 0 3.30180327523522e-11
"740" 0 0 0 2.81597239648601e-06
"741" 0 0 0 2.28843326399719e-07
"742" 0 0 0 7.31031191469889e-07
"743" 0 0 0 2.7567036431364e-09
"744" 0 0 0 5.19542822030594e-06
"745" 0 0 0 1.08239876284166e-07
"746" 0 0 0 4.32230584657134e-10
"747" 0 0 0 2.01948943445718e-06
"748" 0 0 0 1.20825781602107e-08
"749" 0 0 0 4.12770175706179e-07
"750" 0.001 0 0 2.91427831041746e-05
"751" 0 0 0 5.26689802882174e-12
"752" 0 0 0 1.13318902039694e-08
"753" 0 0 0 1.33846089767076e-09
"754" 0 0 0 8.14419938384159e-05
"755" 0 0 0 1.67773351600342e-06
"756" 0 0 0 1.24312692539874e-06
"757" 0 0 0 1.75825976778121e-07
"758" 0 0 0 2.41632058251007e-07
"759" 0 0 0 2.87081725058869e-09
"760" 0 0 0 1.49903688795305e-07
"761" 0 0 0 1.18518528324785e-11
"762" 0 0 0 1.06225361840018e-10
"763" 0 0 0 1.37310859349427e-08
"764" 0 0 0 1.32910734422786e-05
"765" 0 0 0 6.62059551626015e-09
"766" 0 0 0 7.15122264738355e-08
"767" 0 0 0 2.44009301653136e-09
"768" 0 0 0 6.52892073738087e-10
"769" 0 0 0 1.91090662959859e-06
"770" 0 0 0 1.27394383930834e-09
"771" 0 0 0 1.3656084041358e-09
"772" 0 0 0 9.65771529193304e-07
"773" 0 0 0 3.2987972575782e-08
"774" 0 0 0 2.15129335789932e-07
"775" 0 0 0 2.14128333442254e-06
"776" 0 0 0 3.86963763387982e-06
"777" 0 0 0 5.98595941858626e-06
"778" 0 0 0 3.71866854753655e-07
"779" 0 0 0 4.51617726549003e-07
"780" 0 0 0 7.87498821708255e-09
"781" 0 0 0 4.24327317727347e-09
"782" 0 0 0 1.03174058962985e-07
"783" 0 0 0 1.90691654911035e-07
"784" 0 0 0 1.20533916181387e-10
"785" 0 0 0 5.3664263988118e-07
"786" 0 0 0 7.42481853777122e-10
"787" 0 0.003 0 2.05071073031693e-05
"788" 0 0 0 1.30611125349622e-05
"789" 0 0 0 2.29989939315445e-07
"790" 0 0 0 1.64978099848057e-07
"791" 0 0 0 7.89648624266448e-09
"792" 0 0 0 2.59241876188199e-07
"793" 0 0 0 1.0327984424352e-06
"794" 0 0 0 1.14543788898303e-08
"795" 0 0 0 1.92355009698275e-09
"796" 0 0 0 6.19769084053701e-07
"797" 0 0 0 3.95527631757986e-08
"798" 0 0 0 4.26578250911636e-06
"799" 0 0 0 8.1837656051853e-07
"800" 0 0 0 9.21721587943125e-11
"801" 0 0 0 7.36088778818811e-09
"802" 0 0 0 1.6044944706195e-08
"803" 0 0 0 6.28952445680397e-12
"804" 0 0 0 6.40688946340617e-10
"805" 0 0 0 1.02640484556105e-07
"806" 0 0 0 6.66133814775094e-16
"807" 0 0 0 3.64002186170609e-08
"808" 0 0 0 1.38799859383809e-08
"809" 0 0.001 0 6.5924968060127e-06
"810" 0 0 0 4.58109762901948e-07
"811" 0 0 0 5.1446348292572e-09
"812" 0 0 0 4.74920743176455e-07
"813" 0 0 0 2.33146835171283e-14
"814" 0 0 0 6.81629497290004e-09
"815" 0 0 0 1.02713640387497e-05
"816" 0 0 0 1.0429899166553e-09
"817" 0 0 0 2.16869678992815e-07
"818" 0 0 0 1.17210657846201e-08
"819" 0 0 0 5.98628756676156e-07
"820" 0 0 0 3.90804288930013e-08
"821" 0 0 0 2.71416174091321e-07
"822" 0 0 0 5.36002452422579e-08
"823" 0 0 0 8.84046715832199e-08
"824" 0 0 0 4.44089209850063e-16
"825" 0 0 0 1.38687983208818e-07
"826" 0 0 0 1.25749632928773e-10
"827" 0 0 0 7.99754565905531e-08
"828" 0 0 0 4.44370096275293e-10
"829" 0 0 0 1.80401230731597e-07
"830" 0 0 0 2.75908283997595e-07
"831" 0 0 0 1.46558431057819e-07
"832" 0 0 0 1.09030949935196e-07
"833" 0 0 0 9.03819494801894e-08
"834" 0 0 0 4.29711143334899e-08
"835" 0 0 0 9.27803236905334e-07
"836" 0 0 0 2.39825952275119e-06
"837" 0 0 0 1.93535609760431e-09
"838" 0 0 0 1.58214552570257e-10
"839" 0 0 0 2.07508926246547e-05
"840" 0 0 0 3.33591015366785e-07
"841" 0 0 0 2.55293170291493e-05
"842" 0 0 0 4.38831823101893e-08
"843" 0 0 0 1.15599185779303e-09
"844" 0 0 0 1.45450973487726e-09
"845" 0 0 0 9.20810905302716e-09
"846" 0 0 0 5.77412340163619e-09
"847" 0 0 0 7.01232405475594e-10
"848" 0 0 0 2.02184158304419e-10
"849" 0 0 0 1.89130780765545e-05
"850" 0.001 0 0 7.74439556372464e-06
"851" 0 0 0 3.89338339346068e-09
"852" 0 0 0 3.77442511250159e-05
"853" 0 0 0 8.96349328094459e-10
"854" 0 0 0 1.48408566214009e-06
"855" 0.001 0 0 1.07840616224708e-05
"856" 0 0 0 6.35155351869088e-07
"857" 0 0 0 4.1133061234877e-07
"858" 0 0 0 5.87639381599558e-10
"859" 0 0 0 4.77148320854326e-11
"860" 0 0 0 6.41664400502506e-08
"861" 0 0 0 7.74356134769505e-10
"862" 0 0 0 5.94185811664261e-11
"863" 0 0 0 1.18931131609656e-09
"864" 0 0 0 7.76706476912636e-11
"865" 0 0 0 1.17263174714832e-05
"866" 0 0 0 3.4174407748111e-10
"867" 0 0 0 1.2708861008015e-07
"868" 0 0 0 1.34310855581798e-05
"869" 0 0 0 1.9237055137733e-07
"870" 0 0 0 1.03197563013913e-05
"871" 0 0 0 2.98959100131224e-06
"872" 0 0 0 4.45476517896282e-08
"873" 0 0 0 2.70239941535522e-10
"874" 0 0 0 4.19143724950111e-07
"875" 0 0 0 1.02782474753482e-08
"876" 0 0 0 1.90010880274372e-05
"877" 0 0 0 2.3950833427655e-08
"878" 0 0 0 2.50857856931574e-07
"879" 0 0 0 2.91988655476416e-14
"880" 0 0 0 4.52740006634533e-05
"881" 0 0 0 8.51749994978945e-08
"882" 0 0 0 1.37300314140276e-06
"883" 0 0 0 2.62489596725146e-08
"884" 0 0 0 2.49375964322951e-10
"885" 0 0 0 4.89241370715821e-06
"886" 0 0 0 3.69374342223949e-09
"887" 0 0 0 4.34537539284463e-09
"888" 0 0 0 1.40348862531781e-08
"889" 0 0 0 4.58173676776141e-09
"890" 0 0 0 2.12983380820653e-07
"891" 0 0 0 1.05517301896008e-07
"892" 0 0 0 9.30331367499093e-11
"893" 0.001 0 0 1.14785300678877e-05
"894" 0 0 0 0
"895" 0 0 0 3.84248188822767e-13
"896" 0 0 0 1.40802757231384e-08
"897" 0 0 0 6.61981580662996e-12
"898" 0 0 0 2.12583544101363e-08
"899" 0 0 0 4.75167552971278e-07
"900" 0 0 0 4.16490608667885e-09
"901" 0 0 0 3.84052665225454e-07
"902" 0 0 0 1.12006026009581e-07
"903" 0 0.001 0 6.8797656657904e-05
"904" 0 0 0 3.49115032105551e-07
"905" 0 0 0 3.35567158393779e-07
"906" 0 0 0 1.1394403223064e-05
"907" 0 0 0 2.23498408669087e-08
"908" 0 0 0 8.83093598247342e-11
"909" 0 0 0 4.25595769737441e-05
"910" 0 0 0 6.44508957314827e-09
"911" 0 0 0 5.44786739054004e-08
"912" 0 0 0 4.85512910985975e-08
"913" 0 0 0 2.2238316041534e-05
"914" 0 0 0 1.31483839371782e-07
"915" 0 0 0 1.31083255361375e-10
"916" 0 0 0 7.14968395598703e-09
"917" 0 0 0 1.52568923084129e-06
"918" 0 0 0 2.07916794892071e-10
"919" 0 0 0 6.75397558647095e-06
"920" 0 0 0 4.5367409495789e-08
"921" 0 0 0 2.53425480267744e-07
"922" 0 0 0 1.24052807457531e-05
"923" 0 0 0 1.115265657603e-09
"924" 0 0 0 2.9557769121169e-08
"925" 0 0 0 1.01796349127881e-12
"926" 0.001 0 0 8.1514557181972e-07
"927" 0 0 0 2.13185569497565e-06
"928" 0 0 0 1.45812450327298e-05
"929" 0 0 0 1.3688795386102e-07
"930" 0 0 0 3.57569529541024e-12
"931" 0 0 0 7.11466395797444e-07
"932" 0 0 0 1.69252056814173e-10
"933" 0 0 0 7.74226238675624e-11
"934" 0 0 0 1.32198324620525e-07
"935" 0 0 0 9.39040320391271e-07
"936" 0 0 0 6.25664886566568e-09
"937" 0.001 0 0 1.99514023737635e-05
"938" 0 0 0 2.77004945758996e-07
"939" 0 0 0 2.46035072204442e-07
"940" 0 0.001 0 2.63127596100698e-06
"941" 0 0 0 7.82108705577045e-08
"942" 0 0 0 7.54439265204798e-06
"943" 0 0 0 4.46569503598226e-09
"944" 0 0 0 9.8120955804859e-11
"945" 0 0 0 6.23880188688197e-06
"946" 0 0 0 3.50395934489711e-10
"947" 0 0 0 6.49771125793563e-09
"948" 0 0 0 8.95324200334002e-08
"949" 0 0 0 1.75071068753141e-12
"950" 0 0 0 1.35601382966755e-05
"951" 0 0 0 0
"952" 0 0 0 5.31618682408919e-09
"953" 0 0 0 6.40300418242035e-08
"954" 0 0 0 1.32948430042745e-10
"955" 0 0 0 5.11812814352197e-13
"956" 0 0 0 5.4788286426577e-06
"957" 0 0 0 3.92470337395867e-06
"958" 0 0 0 4.66227037865252e-07
"959" 0 0 0 4.63797572813895e-06
"960" 0 0 0 1.43895780568837e-06
"961" 0 0 0 1.20098153644221e-10
"962" 0 0 0 5.35256263622941e-06
"963" 0 0 0 3.83152881144877e-06
"964" 0 0 0 8.65973959207622e-15
"965" 0 0.001 0 2.95929221615365e-05
"966" 0 0 0 9.17742856154646e-07
"967" 0 0 0 6.03619382910647e-06
"968" 0 0 0 1.14269598749939e-06
"969" 0 0 0 1.75840436248409e-05
"970" 0 0 0 3.09704889067675e-07
"971" 0 0 0 1.01015084075229e-07
"972" 0 0 0 2.94132255008739e-05
"973" 0 0 0 2.79257149626844e-08
"974" 0 0 0 1.54121478213032e-06
"975" 0 0 0 6.73615587420962e-07
"976" 0 0 0 7.28782468051303e-06
"977" 0 0 0 2.00503596503587e-07
"978" 0 0 0 5.4209102862135e-07
"979" 0 0 0 2.92070306051606e-07
"980" 0 0 0 2.88026590167245e-06
"981" 0 0 0 2.25101270956429e-10
"982" 0 0 0 2.44964827553762e-05
"983" 0 0 0 4.53986919290994e-06
"984" 0 0 0 3.3430156554104e-07
"985" 0 0 0 2.60106271299243e-07
"986" 0 0 0 1.6381018763667e-10
"987" 0 0 0 7.01816160741942e-10
"988" 0 0 0 1.67332381284524e-09
"989" 0 0 0 1.18916357316756e-07
"990" 0 0 0 6.40622613401476e-07
"991" 0 0 0 1.09691705718618e-08
"992" 0 0 0 1.50787804464869e-09
"993" 0 0 0 1.11351126541592e-07
"994" 0 0 0 6.67244037799719e-14
"995" 0.001 0 0 1.3980448291151e-05
"996" 0 0 0 1.93117468905157e-07
"997" 0 0 0 3.61642411794705e-07
"998" 0 0 0 1.54976809163543e-10
"999" 0 0 0 1.16073617875134e-05
"1000" 0 0 0 1.84865828201097e-08
