"A" "B" "P" "BT"
"1" 0.001 0.007 0.003 0.00185074080742864
"2" 0 0 0 2.05602882497047e-08
"3" 0.001 0.001 0.001 0.000130988780329688
"4" 0.004 0.009 0.008 0.00220162673763091
"5" 0.002 0.002 0 0.00026324931762034
"6" 0 0.001 0 4.34032544186502e-05
"7" 0.004 0.003 0.003 0.00134425222176648
"8" 0.406 0.428 0.401 0.437803476449451
"9" 0.001 0.001 0 9.9852600524919e-05
"10" 0.015 0.023 0.012 0.00987541350595877
"11" 0.014 0.011 0.018 0.0113394057966399
"12" 0.018 0.018 0.022 0.0162469679737277
"13" 0.001 0.002 0.003 0.000511949107254162
"14" 0.203 0.19 0.157 0.201940258243955
"15" 0.001 0.003 0 0.000550323000565456
"16" 0.092 0.092 0.105 0.0909709647858242
"17" 0 0 0.001 1.6945661251988e-06
"18" 0.001 0.003 0.004 0.000883933136812343
"19" 0 0 0.002 3.2384371122296e-05
"20" 0.22 0.218 0.215 0.268616592416564
"21" 0.114 0.119 0.115 0.123577741237812
"22" 0.001 0.003 0 0.000714469946442198
"23" 0 0 0.002 1.94940084522477e-05
"24" 0.001 0 0.001 0.000232306725406639
"25" 0.005 0.01 0.01 0.00622568581635563
"26" 0 0 0.002 5.35047539879097e-05
"27" 0.012 0.012 0.009 0.00558097127981383
"28" 0.002 0.002 0.001 5.39789709921301e-05
"29" 0.028 0.015 0.024 0.0162154823657245
"30" 0.034 0.029 0.028 0.0229533916541323
"31" 0.002 0.001 0.001 0.000517456302542296
"32" 0.002 0.006 0.004 0.00352191726636253
"33" 0.001 0.001 0 0.000205152571285838
"34" 0.004 0.002 0.005 0.00113095649407302
"35" 0 0 0 3.77888898506207e-07
"36" 0.01 0.009 0.011 0.00617416883957556
"37" 0.003 0 0 3.83837975458379e-05
"38" 0.002 0.001 0.007 0.00105896813481543
"39" 0.033 0.024 0.028 0.0233337534341223
"40" 0.006 0.002 0.003 0.00116303624136993
"41" 0.025 0.021 0.015 0.0146695331217673
"42" 0.001 0.003 0.003 0.00100876586993792
"43" 0 0 0.001 0.000143740281425053
"44" 0.014 0.016 0.013 0.0114005645183343
"45" 0.004 0.005 0.008 0.00209887845025714
"46" 0 0 0 1.63566308186702e-06
"47" 0.06 0.066 0.075 0.0672418955818774
"48" 0.023 0.023 0.032 0.0267993810924322
"49" 0 0 0 4.30751578739397e-07
"50" 0.018 0.019 0.017 0.0154392517632606
"51" 0 0 0.005 0.000326463258144338
"52" 0.052 0.05 0.071 0.0596378992328752
"53" 0 0 0 2.07836437230435e-05
"54" 0 0 0 2.57039257334224e-06
"55" 0.025 0.015 0.023 0.0147750091377368
"56" 0 0 0.002 8.18303008309762e-06
"57" 0.001 0.003 0.002 0.000818693499344492
"58" 0.001 0.001 0 0.000162241081647418
"59" 0.004 0.003 0.003 0.00127860308297456
"60" 0.032 0.024 0.021 0.0178314142149602
"61" 0.019 0.015 0.023 0.0151801364031281
"62" 0.004 0.007 0.006 0.00286805102845922
"63" 0.021 0.01 0.007 0.00867184415176081
"64" 0.294 0.316 0.302 0.343531975024809
"65" 0.042 0.038 0.044 0.0343769354776718
"66" 0.021 0.019 0.024 0.0167733255753852
"67" 0 0 0 2.71794856621099e-08
"68" 0.002 0.001 0.002 0.000454303372535714
"69" 0.001 0 0 0.000217628225815503
"70" 0.002 0.004 0.005 0.00165794164287392
"71" 0.259 0.257 0.24 0.282531916333254
"72" 0.009 0.014 0.011 0.00699776319894563
"73" 0.003 0.005 0.011 0.00367850867469044
"74" 0.002 0.003 0.003 0.000500873366999111
"75" 0.025 0.019 0.02 0.0162754976691772
"76" 0.009 0.017 0.011 0.0108789399660213
"77" 0.011 0.013 0.016 0.0121859878596087
"78" 0 0 0 4.24068045916659e-05
"79" 0.003 0.005 0.009 0.00443089998895385
"80" 0.002 0.008 0.012 0.00431794341788128
"81" 0 0 0 6.74484964546807e-08
"82" 0.01 0.003 0.009 0.00405520390573388
"83" 0 0 0 9.39464190885531e-08
"84" 0.025 0.015 0.022 0.020234429720107
"85" 0 0 0 6.23084171225141e-06
"86" 0.021 0.016 0.02 0.0139597434991193
"87" 0.076 0.059 0.082 0.070213114428337
"88" 0.002 0.001 0.004 0.00101492603451236
"89" 0 0 0 8.81399933039262e-08
"90" 0.023 0.018 0.019 0.0161721862604911
"91" 0.125 0.119 0.098 0.126910163295535
"92" 0.033 0.018 0.019 0.0202837621322443
"93" 0.012 0.014 0.014 0.011105451686139
"94" 0.079 0.092 0.096 0.0884940017914038
"95" 0 0 0 2.81103806898386e-10
"96" 0 0 0 1.52285422050369e-08
"97" 0.064 0.069 0.071 0.0691172305951457
"98" 0 0 0 4.09404290602211e-06
"99" 0.001 0.001 0.004 0.000392097239996225
"100" 0.004 0.002 0.009 0.00187931216726778
"101" 0.006 0.005 0.012 0.0021747437787899
"102" 0.053 0.047 0.065 0.0565949898100174
"103" 0 0 0 1.49461025777953e-08
"104" 0.001 0.002 0.007 0.0016398379301853
"105" 0.054 0.05 0.069 0.0603125781118894
"106" 0.176 0.173 0.177 0.201848086835971
"107" 0.001 0.003 0.003 0.000431677014142595
"108" 0.003 0.002 0.002 0.000567257660951226
"109" 0 0 0 4.38556480453212e-06
"110" 0.008 0.009 0.011 0.00387381841729129
"111" 0.011 0.007 0.011 0.0044914604967643
"112" 0.001 0 0.001 0.000236781969542688
"113" 0.001 0.004 0.002 0.000913858520752653
"114" 0.006 0.005 0.007 0.00329475185754302
"115" 0.002 0.001 0.006 0.000522633789994176
"116" 0.116 0.121 0.118 0.135301177166524
"117" 0.001 0 0 0.000261528184053006
"118" 0 0 0 6.89172698908891e-08
"119" 0 0 0 1.70439732246619e-05
"120" 0.001 0.001 0 0.000510298370981044
"121" 0.004 0.007 0.006 0.00289471303301636
"122" 0 0.001 0.004 0.000340683768466299
"123" 0 0 0 2.94958378943555e-07
"124" 0.047 0.048 0.055 0.0420583886083079
"125" 0.003 0.002 0.007 0.00128182483094552
"126" 0.19 0.202 0.211 0.224416069682175
"127" 0.002 0.003 0 0.00224071892263011
"128" 0.011 0.009 0.011 0.00614364642805609
"129" 0 0 0 2.89032311928672e-06
"130" 0.06 0.07 0.083 0.0851458470865456
"131" 0 0 0 8.60825839343882e-06
"132" 0 0 0 3.86512888195245e-05
"133" 0 0 0 4.03774180882666e-05
"134" 0.003 0.001 0 0.000734852998154789
"135" 0 0 0 3.59904657857291e-05
"136" 0 0 0 5.81184844694604e-09
"137" 0.064 0.047 0.061 0.0664286978080491
"138" 0 0 0.005 0.000426960835640311
"139" 0 0 0 4.23685398986962e-07
"140" 0.142 0.122 0.132 0.161190351355223
"141" 0.061 0.059 0.059 0.0667552286854435
"142" 0 0.002 0.002 0.00050926697759146
"143" 0 0 0.001 3.66061392442774e-06
"144" 0 0 0 5.57780598597901e-06
"145" 0 0 0 6.72921481315036e-07
"146" 0.033 0.037 0.045 0.0339967866431589
"147" 0 0 0.001 1.14587986503878e-05
"148" 0.01 0.009 0.007 0.0064315757740302
"149" 0.107 0.114 0.117 0.122801331311787
"150" 0.043 0.064 0.078 0.0562048337034502
"151" 0.001 0 0 1.66915228335673e-05
"152" 0.003 0.005 0.003 0.000695401082878466
"153" 0 0 0.001 1.58016368810854e-05
"154" 0.015 0.015 0.027 0.0149232482976631
"155" 0.001 0.001 0.004 0.000461305045453275
"156" 0 0.002 0 6.06717858099293e-05
"157" 0 0 0 1.22868188068281e-07
"158" 0.003 0.002 0.002 0.000778238187068014
"159" 0.003 0.006 0.004 0.00383089996167452
"160" 0.019 0.014 0.014 0.0103551441537466
"161" 0.007 0.008 0.009 0.00570582637852435
"162" 0 0.001 0.003 0.000401138011966506
"163" 0.037 0.03 0.046 0.0367670807025301
"164" 0.12 0.11 0.102 0.129577102779991
"165" 0 0 0 4.11667822053374e-09
"166" 0.014 0.008 0.017 0.00695172063664906
"167" 0.048 0.053 0.051 0.0504110087648949
"168" 0 0 0 1.64371612304537e-05
"169" 0.001 0 0 4.01799952154391e-06
"170" 0.008 0.014 0.015 0.00480083001030329
"171" 0 0 0 3.33584651013297e-08
"172" 0.025 0.03 0.033 0.020851321632015
"173" 0.144 0.147 0.142 0.149476327268517
"174" 0.114 0.097 0.112 0.109177029360337
"175" 0.001 0 0 9.88946941049562e-05
"176" 0.146 0.151 0.145 0.171858965671648
"177" 0.001 0 0.002 0.000135238738676491
"178" 0 0 0 8.82323968574017e-05
"179" 0.034 0.043 0.052 0.0365539024376438
"180" 0 0 0 1.7646188954501e-09
"181" 0.001 0 0.001 9.68985323134275e-05
"182" 0.015 0.022 0.012 0.0120259554830267
"183" 0.045 0.031 0.04 0.0353307065964881
"184" 0.03 0.02 0.023 0.0234197744723321
"185" 0.034 0.024 0.032 0.0243718025873854
"186" 0.007 0.005 0.013 0.00498811375757358
"187" 0.203 0.204 0.212 0.23242838692527
"188" 0.037 0.032 0.038 0.0238638633858913
"189" 0.016 0.018 0.024 0.0159635379677693
"190" 0 0 0 4.08109924121547e-06
"191" 0.012 0.012 0.01 0.0059231547730203
"192" 0 0 0 0.000105548837793124
"193" 0.052 0.051 0.074 0.0565782561111232
"194" 0.122 0.125 0.151 0.14699059975652
"195" 0.015 0.013 0.02 0.0157363357609533
"196" 0.085 0.075 0.073 0.0814928014572265
"197" 0.143 0.13 0.143 0.162974784731226
"198" 0.003 0.002 0.007 0.00127307513064978
"199" 0.008 0.005 0.005 0.00156046328422399
"200" 0.012 0.011 0.014 0.00695653978965982
"201" 0.001 0.003 0.002 0.000617232478787533
"202" 0.001 0 0.001 0.000152088504802306
"203" 0.055 0.05 0.076 0.0562737295858998
"204" 0 0 0 1.84343387465979e-06
"205" 0 0 0 6.68540844905863e-09
"206" 0.02 0.014 0.02 0.0141543265996427
"207" 0 0 0 7.48579378484493e-08
"208" 0 0 0 0.000215206946356572
"209" 0.002 0.001 0.005 0.00144569276459561
"210" 0.006 0.004 0.002 0.00549701412325299
"211" 0 0 0 3.44435772684504e-05
"212" 0.089 0.071 0.064 0.067676274793722
"213" 0.353 0.355 0.342 0.37228280554308
"214" 0 0 0 6.55316779285542e-07
"215" 0.001 0 0.001 2.8461749807529e-05
"216" 0 0 0 3.78533514755475e-07
"217" 0 0 0 1.49079698141819e-07
"218" 0.016 0.012 0.017 0.00856929625603442
"219" 0.004 0.004 0.009 0.00238255060923676
"220" 0.022 0.023 0.02 0.0148416058865393
"221" 0 0 0 3.98410654356418e-07
"222" 0 0 0.001 2.2897338846084e-06
"223" 0 0.001 0 4.08463896914846e-05
"224" 0.206 0.188 0.187 0.210636710302735
"225" 0.112 0.122 0.128 0.130635338480981
"226" 0 0 0 2.06580107305898e-05
"227" 0.04 0.04 0.04 0.0392054594896016
"228" 0 0.002 0.001 0.000107657125963279
"229" 0 0.001 0.001 0.000222864043899595
"230" 0.001 0.002 0.002 0.000822148149726032
"231" 0 0 0 4.23455736510148e-05
"232" 0.305 0.293 0.313 0.327653456916045
"233" 0.008 0.007 0.004 0.0024039463514971
"234" 0 0 0 1.99570238113012e-09
"235" 0.002 0.005 0.001 0.000818631120678814
"236" 0.009 0.013 0.02 0.00866921724415981
"237" 0 0 0 2.79272126979535e-07
"238" 0 0 0 3.98831420111989e-08
"239" 0.395 0.407 0.381 0.407480159820137
"240" 0.004 0.001 0.008 0.00132604127841573
"241" 0.012 0.005 0.005 0.00145952832711493
"242" 0.001 0 0 5.87365726302247e-05
"243" 0.216 0.226 0.212 0.235767015319674
"244" 0.095 0.095 0.102 0.108468663153082
"245" 0 0 0 1.1616245376711e-07
"246" 0.002 0.001 0.002 0.000400281133049907
"247" 0 0 0 6.70316413486916e-09
"248" 0 0.001 0.002 0.000120362366576088
"249" 0 0 0 1.76753311986744e-09
"250" 0 0 0 8.8247689015164e-06
"251" 0.005 0.003 0.007 0.00220424662497753
"252" 0.007 0.003 0.002 0.00333564183900292
"253" 0.031 0.035 0.037 0.0300348150024625
"254" 0.001 0 0.001 0.000407205772682051
"255" 0 0 0 1.80493364698719e-09
"256" 0.64 0.631 0.676 0.63865634537213
"257" 0.007 0.011 0.002 0.00271472363496961
"258" 0 0 0.003 0.000188680610838765
"259" 0 0 0 7.98565836790388e-08
"260" 0 0.001 0 0.000191834477140329
"261" 0.004 0.001 0.003 0.000109046066528284
"262" 0.155 0.145 0.138 0.173857408707482
"263" 0.003 0 0.002 0.000353197828820262
"264" 0.002 0.004 0.007 0.00121453223529067
"265" 0.005 0.001 0.002 0.000696288087927543
"266" 0.001 0 0.002 0.000359689604519486
"267" 0.007 0.012 0.012 0.00869519109563277
"268" 0 0.001 0 8.32007388817946e-06
"269" 0.289 0.31 0.309 0.323484381714073
"270" 0.016 0.012 0.011 0.01024461886577
"271" 0.115 0.124 0.11 0.123226514115059
"272" 0.002 0.007 0.01 0.00329143234696494
"273" 0.001 0 0.001 0.000163455551873248
"274" 0.005 0.006 0.006 0.00500823265279471
"275" 0.004 0.002 0.005 0.00180189161682554
"276" 0.001 0.001 0 0.000137766633930947
"277" 0.459 0.446 0.433 0.476863640300429
"278" 0.06 0.055 0.05 0.0588520375905861
"279" 0.004 0.005 0.008 0.00395490519127095
"280" 0.002 0.001 0.003 0.000935881829623009
"281" 0 0 0 1.2137896925557e-05
"282" 0.039 0.034 0.045 0.0272082369826881
"283" 0.029 0.035 0.043 0.028785911986972
"284" 0.008 0.007 0.004 0.00475936794050458
"285" 0.023 0.047 0.033 0.0291715394419514
"286" 0 0 0 5.2873123879138e-08
"287" 0.042 0.036 0.042 0.0454127704295034
"288" 0 0 0 1.4525516702002e-05
"289" 0 0 0 1.08287235189852e-06
"290" 0 0 0 2.42357823143635e-07
"291" 0.16 0.169 0.148 0.179547634273255
"292" 0.19 0.166 0.19 0.200888241132972
"293" 0.19 0.196 0.195 0.229322195940381
"294" 0 0 0 2.67054388602972e-08
"295" 0.04 0.038 0.033 0.0426029254014122
"296" 0 0 0.001 2.38308186200076e-05
"297" 0 0.001 0.003 0.000499541216580801
"298" 0.001 0.002 0.006 0.000653850303143022
"299" 0 0 0 7.61305233165643e-06
"300" 0 0 0 2.51285292574011e-09
"301" 0 0.001 0.001 0.000109260824129764
"302" 0.014 0.011 0.021 0.00842455065590719
"303" 0.002 0.001 0.002 0.000262699759638108
"304" 0.05 0.047 0.047 0.0488726069509169
"305" 0 0 0.004 0.00014727852823504
"306" 0.049 0.05 0.031 0.0427984168026492
"307" 0 0 0 2.11413829775964e-08
"308" 0 0 0 4.83621027225212e-07
"309" 0.001 0.001 0.003 0.000121949515967001
"310" 0 0 0 4.43417969009374e-10
"311" 0.004 0.004 0.007 0.00324583708050441
"312" 0.024 0.014 0.036 0.0167662766850574
"313" 0 0.001 0.002 0.00057407204285409
"314" 0 0 0.001 1.14641839582541e-05
"315" 0.005 0.004 0.012 0.00253439430983626
"316" 0.003 0.002 0.005 0.00132414722345964
"317" 0.008 0.01 0.009 0.00308414242072375
"318" 0.016 0.01 0.017 0.00993774250302804
"319" 0.017 0.019 0.029 0.0175441377178359
"320" 0.004 0.003 0.004 0.00174668411927492
"321" 0.006 0.013 0.014 0.00731510576507577
"322" 0 0 0 1.46475209739094e-09
"323" 0.006 0.001 0.007 0.00294953426194688
"324" 0.001 0.003 0.005 0.000719691970742842
"325" 0 0.001 0 2.3094228385756e-05
"326" 0.022 0.023 0.015 0.0137825469532263
"327" 0.047 0.052 0.055 0.0541413778849776
"328" 0.009 0.013 0.014 0.00680797619724272
"329" 0 0 0 3.27460823834613e-06
"330" 0 0 0 1.42477641702499e-05
"331" 0.013 0.011 0.02 0.00849680583415169
"332" 0.155 0.187 0.173 0.189129720133787
"333" 0 0 0.003 4.87800637487545e-05
"334" 0 0 0 1.5627361907522e-05
"335" 0.115 0.112 0.106 0.124415033749813
"336" 0.113 0.126 0.12 0.137825174372111
"337" 0.128 0.099 0.128 0.126429156116551
"338" 0.002 0.001 0.002 0.000646255530208584
"339" 0.001 0.001 0 0.000104648997582002
"340" 0 0 0 1.04505404330268e-10
"341" 0.071 0.069 0.047 0.0626600588503603
"342" 0 0 0.001 4.8457809378899e-05
"343" 0 0 0 3.11530773400293e-08
"344" 0.018 0.009 0.024 0.0108633909526045
"345" 0.085 0.079 0.078 0.079881887997885
"346" 0.014 0.013 0.021 0.0155203024148586
"347" 0 0 0 1.30706802067282e-05
"348" 0.259 0.239 0.235 0.269886985951947
"349" 0.003 0.003 0.011 0.0019609344306174
"350" 0 0 0.001 0.000105136176919651
"351" 0 0 0 2.46542919635218e-07
"352" 0.007 0.004 0.014 0.00458058410438811
"353" 0.003 0 0.002 0.000112463205899527
"354" 0.003 0.003 0.001 0.00126412000260834
"355" 0.003 0.003 0.005 0.00170836892829607
"356" 0.001 0.005 0.006 0.000982866994204246
"357" 0 0 0 2.81078160746517e-10
"358" 0.003 0.003 0.011 0.00369861671561211
"359" 0.001 0.004 0.006 0.00161445596622356
"360" 0.023 0.025 0.028 0.021720583562616
"361" 0 0 0.001 6.27058908575506e-07
"362" 0 0 0 3.67055499772562e-07
"363" 0.004 0.006 0.012 0.00234194081182959
"364" 0.002 0.005 0.003 0.00102571435512078
"365" 0 0 0 7.36757542085797e-06
"366" 0.02 0.013 0.015 0.0130403906497342
"367" 0.076 0.068 0.064 0.0744116978991364
"368" 0.033 0.035 0.023 0.0236404672727568
"369" 0.001 0 0.005 0.000316618204813768
"370" 0.002 0 0.001 0.000449417774075034
"371" 0.002 0.001 0.003 0.000474320352774504
"372" 0.001 0 0.005 0.000576602432974083
"373" 0.042 0.043 0.044 0.0467463575416889
"374" 0 0 0 7.99129331929826e-07
"375" 0 0 0 4.94378950000041e-08
"376" 0.051 0.052 0.05 0.0513005729898749
"377" 0 0 0 1.45846476451439e-07
"378" 0.023 0.016 0.018 0.0135170686693016
"379" 0.534 0.548 0.577 0.549942362110018
"380" 0 0.003 0.002 0.000995547582598122
"381" 0.008 0.011 0.01 0.00763490250315568
"382" 0.047 0.043 0.039 0.0435579238639697
"383" 0.001 0.002 0.001 6.78687118923493e-05
"384" 0 0 0.002 0.000138383372126683
"385" 0 0 0 1.14181321175799e-07
"386" 0.002 0.004 0.004 0.000523754572973267
"387" 0.003 0.003 0 0.00143662508899922
"388" 0.001 0 0.006 0.00076698627947025
"389" 0 0.001 0 4.18656801135509e-05
"390" 0.244 0.235 0.245 0.263957969147097
"391" 0 0 0.001 1.41232120043355e-06
"392" 0 0.001 0 0.000101310541889443
"393" 0 0 0 5.8489164048825e-05
"394" 0.002 0 0 0.000166847895072486
"395" 0 0 0 3.86701226595676e-10
"396" 0.085 0.11 0.119 0.118547855151848
"397" 0.003 0.005 0.004 0.00285557203156139
"398" 0.352 0.363 0.332 0.389727041696418
"399" 0.001 0.001 0.003 0.000688204492867772
"400" 0.001 0.002 0.005 0.000837617183357842
"401" 0 0.001 0 1.77432144521372e-06
"402" 0 0 0 3.79062004007835e-10
"403" 0 0 0 1.65933378148964e-10
"404" 0.005 0.006 0.002 0.00158910373107624
"405" 0.005 0.005 0.007 0.00193782227544981
"406" 0 0 0 4.57531457165317e-10
"407" 0 0.001 0 2.01626912699204e-06
"408" 0.161 0.17 0.17 0.179763666427453
"409" 0 0 0 4.12952485495666e-06
"410" 0 0 0 2.02329486498343e-09
"411" 0.252 0.247 0.258 0.265158465045885
"412" 0.001 0.002 0 0.00103267480109936
"413" 0.045 0.026 0.041 0.0327180653604093
"414" 0 0.001 0 0.000102201461092521
"415" 0 0 0 1.68488430873914e-06
"416" 0.001 0.001 0 0.000190034084342705
"417" 0.163 0.162 0.162 0.17813854554192
"418" 0.032 0.036 0.038 0.031449734357378
"419" 0.017 0.008 0.017 0.0112245073120474
"420" 0 0 0 2.56253277308716e-06
"421" 0.001 0 0.001 0.000305486682865341
"422" 0 0.002 0.003 0.00117435436410818
"423" 0 0 0.001 1.85982372391535e-06
"424" 0.004 0.005 0.002 0.0018793842616579
"425" 0 0 0 1.88704556425279e-08
"426" 0.006 0.007 0.008 0.00272655516483356
"427" 0.001 0.002 0.002 0.00073974575128366
"428" 0.002 0.002 0.004 0.000660009024839536
"429" 0.002 0.002 0.001 0.00135927115660339
"430" 0.029 0.04 0.041 0.0413854802160424
"431" 0.002 0 0.007 0.00143213469987269
"432" 0.018 0.028 0.026 0.0209668172419916
"433" 0.063 0.079 0.079 0.0799804984826823
"434" 0.024 0.015 0.017 0.014066414334763
"435" 0.008 0.006 0.011 0.0029751208202482
"436" 0.02 0.025 0.029 0.0206829151569469
"437" 0.003 0.003 0.004 0.00112495027307113
"438" 0.138 0.163 0.168 0.169804769428788
"439" 0 0.001 0 1.75594002298496e-05
"440" 0.055 0.063 0.06 0.0745372740911109
"441" 0.001 0.002 0.003 0.000410445464193776
"442" 0 0.001 0.001 0.000428821900130383
"443" 0.011 0.005 0.013 0.00673290686586847
"444" 0 0.001 0 0.000137513616208285
"445" 0 0 0 1.29042364571674e-08
"446" 0.068 0.065 0.069 0.0708327373492283
"447" 0.061 0.059 0.056 0.0623731123173639
"448" 0 0 0 4.93054226657907e-06
"449" 0.01 0.012 0.009 0.0054973568633303
"450" 0 0 0 2.36243396023461e-06
"451" 0.02 0.037 0.022 0.0165881929976722
"452" 0.006 0.007 0.005 0.00387498288721011
"453" 0 0 0.003 5.22230703339233e-05
"454" 0 0 0.002 2.15884894617657e-05
"455" 0 0 0 3.00346192361189e-10
"456" 0.006 0.001 0 0.000878667380527554
"457" 0 0.001 0.001 7.10833014389012e-05
"458" 0.002 0.003 0.002 0.000349826316664248
"459" 0 0 0 2.63126221478061e-07
"460" 0.129 0.183 0.161 0.175515625230128
"461" 0.008 0.008 0.008 0.00505024694375589
"462" 0 0 0 6.21494506969356e-08
"463" 0.456 0.456 0.456 0.470751105850797
"464" 0 0 0 4.7144090179474e-06
"465" 0.003 0.006 0.007 0.00167023521808207
"466" 0.064 0.066 0.065 0.0748402337974634
"467" 0.004 0.003 0.003 0.000647721012227764
"468" 0.111 0.12 0.127 0.122331668929937
"469" 0 0 0 9.84032444417693e-09
"470" 0.001 0.003 0.002 0.00071144320423655
"471" 0.009 0.01 0.006 0.00363740347413144
"472" 0.009 0.008 0.009 0.00866237440579476
"473" 0 0 0 8.34628877044441e-06
"474" 0.004 0.002 0.006 0.00324873506167667
"475" 0.046 0.041 0.045 0.0392450051271589
"476" 0.038 0.046 0.048 0.0448928051943851
"477" 0.001 0.005 0.005 0.00224253848477574
"478" 0.027 0.028 0.042 0.0231515470017405
"479" 0.219 0.219 0.194 0.224103002631113
"480" 0.002 0.001 0.004 0.00110434334405007
"481" 0 0 0 1.44978138357788e-05
"482" 0 0 0 6.95572932052357e-06
"483" 0.029 0.019 0.022 0.0164199458491797
"484" 0 0 0 6.04084519073567e-08
"485" 0.002 0.004 0.003 0.00195902901605194
"486" 0.021 0.029 0.034 0.0291219122066372
"487" 0.015 0.025 0.027 0.0164530856906909
"488" 0.005 0.001 0.006 0.00151903749451943
"489" 0.022 0.023 0.029 0.022452662940259
"490" 0 0 0 4.46968237322043e-05
"491" 0.167 0.145 0.155 0.201689986076528
"492" 0.004 0.002 0.001 0.00130775465930733
"493" 0 0 0 1.80235116442606e-06
"494" 0.021 0.015 0.022 0.0156763877401684
"495" 0.021 0.034 0.033 0.0282217354203925
"496" 0 0 0 1.75541268532253e-06
"497" 0.114 0.13 0.131 0.146020794384662
"498" 0 0 0 9.62290579775704e-07
"499" 0 0 0 4.56356906264332e-07
"500" 0.017 0.025 0.026 0.017993349077462
"501" 0 0.001 0.002 0.000796012034379623
"502" 0 0.001 0.001 0.000187212056966035
"503" 0 0 0 1.28279670086329e-06
"504" 0 0.001 0.003 0.000333613333913907
"505" 0.012 0.018 0.021 0.0126069621641092
"506" 0.006 0.007 0.008 0.00598075735261838
"507" 0.013 0.01 0.017 0.0101834435302023
"508" 0.019 0.026 0.029 0.0159439128630583
"509" 0 0 0.001 0.000274249499696677
"510" 0.199 0.215 0.222 0.222530580521986
"511" 0.003 0.006 0.001 0.00147115433798295
"512" 0.032 0.036 0.042 0.0400359819456581
"513" 0.013 0.011 0.004 0.00644096663605331
"514" 0.002 0.003 0.004 0.00137701867796003
"515" 0.033 0.03 0.051 0.0367012879688817
"516" 0 0 0.002 0.000195829768597555
"517" 0.226 0.226 0.221 0.238195663307355
"518" 0 0 0 1.50120299249323e-05
"519" 0.004 0.006 0.004 0.0030161710742308
"520" 0.007 0.011 0.005 0.00512989126056418
"521" 0.001 0.004 0.006 0.000607133986461061
"522" 0.072 0.078 0.069 0.0854912286456769
"523" 0.141 0.135 0.146 0.158078251004894
"524" 0 0.001 0.001 0.000315881514191485
"525" 0.014 0.016 0.021 0.0107738220546192
"526" 0 0 0 4.44635674168303e-07
"527" 0.018 0.019 0.013 0.0091404552458122
"528" 0.007 0 0.002 0.00117853305173476
"529" 0.005 0.007 0.009 0.00231375420582625
"530" 0.014 0.023 0.023 0.0134711385607847
"531" 0 0 0.003 0.000443714051772903
"532" 0 0 0 1.35316123006657e-06
"533" 0 0 0 2.29942788143589e-08
"534" 0 0 0 2.39237650685453e-05
"535" 0 0 0 3.88649652016682e-07
"536" 0.009 0.01 0.014 0.00668568092145994
"537" 0.003 0.001 0.002 0.000293489065483099
"538" 0.1 0.106 0.112 0.127900429059713
"539" 0.004 0.006 0.003 0.00341143009593259
"540" 0.001 0 0 0.000110130742010717
"541" 0.014 0.018 0.015 0.00736071305467167
"542" 0.001 0 0.002 0.000275610722376918
"543" 0.001 0.002 0.004 0.00113874379227874
"544" 0.011 0.012 0.01 0.00775787020047514
"545" 0.024 0.032 0.028 0.0246240510205723
"546" 0 0 0 5.96098392868782e-10
"547" 0.314 0.306 0.341 0.356490546508107
"548" 0 0 0 2.13080953770373e-07
"549" 0.004 0.001 0.002 0.00390525535087449
"550" 0.008 0.007 0.004 0.00321012489228578
"551" 0 0 0 1.55241442723053e-06
"552" 0.089 0.101 0.101 0.122885963225202
"553" 0.008 0.007 0.005 0.00425202464477081
"554" 0.006 0.003 0.003 0.00280198516889696
"555" 0 0 0 1.18960297545989e-06
"556" 0.081 0.099 0.095 0.103811845841852
"557" 0.01 0.011 0.01 0.00484744952669114
"558" 0.011 0.009 0.005 0.00310922949690096
"559" 0 0 0 3.8320912999823e-05
"560" 0.02 0.027 0.025 0.0179339365152391
"561" 0 0.003 0.001 2.15963166482203e-05
"562" 0.041 0.019 0.033 0.0249955612573737
"563" 0 0.001 0 5.01939495639592e-05
"564" 0 0 0 5.09992689856631e-07
"565" 0 0 0 3.11082706261345e-08
"566" 0.002 0.002 0.001 0.000758037330967576
"567" 0.002 0.001 0.002 0.00028293699716897
"568" 0.069 0.058 0.061 0.0641335106883161
"569" 0 0.001 0.001 2.04883638397213e-05
"570" 0.232 0.211 0.25 0.277786207507553
"571" 0.094 0.095 0.089 0.107250801125046
"572" 0 0 0 0
"573" 0.003 0.001 0.001 0.000609719813501441
"574" 0 0.001 0.001 6.90608230430323e-05
"575" 0 0.001 0.001 0.000141970354991972
"576" 0.001 0 0 1.51252859681428e-07
"577" 0 0 0 5.02449559736107e-09
"578" 0.017 0.022 0.02 0.0161766088306725
"579" 0.257 0.263 0.244 0.270278840520555
"580" 0.022 0.028 0.024 0.0182046674355363
"581" 0.037 0.048 0.041 0.0405985404180469
"582" 0 0 0 4.38541869485221e-10
"583" 0.039 0.035 0.041 0.035910496830994
"584" 0.029 0.025 0.029 0.0259282286978055
"585" 0 0 0 8.12495829849436e-06
"586" 0.002 0 0.002 0.000571261280954971
"587" 0.009 0.015 0.015 0.0094338254187456
"588" 0.097 0.086 0.078 0.0886632936061857
"589" 0.078 0.073 0.069 0.0757049166429575
"590" 0.328 0.338 0.321 0.365726910222346
"591" 0 0 0.003 0.000138979103139869
"592" 0.044 0.054 0.059 0.0457786341111651
"593" 0 0.002 0 0.000111949875689743
"594" 0.509 0.485 0.509 0.505923915612812
"595" 0.016 0.015 0.018 0.0176872173040418
"596" 0 0 0 1.10535352805252e-05
"597" 0.008 0.002 0.004 0.00294943424520167
"598" 0 0 0 2.62188566413357e-08
"599" 0.038 0.052 0.03 0.0354550288180516
"600" 0.001 0 0.001 2.44855897776342e-05
"601" 0.092 0.089 0.107 0.0966957935463375
"602" 0 0 0.001 2.11235042365532e-05
"603" 0 0.001 0.002 0.000208130779826177
"604" 0.002 0.004 0.003 0.00126524503301784
"605" 0.004 0.002 0.002 0.000999679462566294
"606" 0.03 0.024 0.022 0.0224574131763137
"607" 0 0 0 8.09431219306322e-06
"608" 0 0 0 7.32557366313058e-05
"609" 0.003 0.001 0.002 0.000739642724851719
"610" 0.017 0.016 0.013 0.0101216748577558
"611" 0.003 0.002 0 0.000471707193610782
"612" 0 0 0 1.18171000512701e-05
"613" 0.003 0.003 0.005 0.00173374044564001
"614" 0 0.001 0.002 0.000105397455346212
"615" 0.098 0.105 0.096 0.101367636391477
"616" 0.001 0.001 0 0.000264582338107
"617" 0 0 0 7.33401742891715e-07
"618" 0.001 0 0.003 0.000461324886496084
"619" 0.136 0.137 0.137 0.170730447552209
"620" 0.019 0.022 0.035 0.0265071049892232
"621" 0.096 0.111 0.124 0.114692760621303
"622" 0 0 0 2.07756922776525e-10
"623" 0 0 0 1.90748890016579e-08
"624" 0.357 0.38 0.366 0.385620748740586
"625" 0 0 0.002 7.69668019188208e-05
"626" 0.018 0.019 0.022 0.0206075462198899
"627" 0 0 0.001 0.000212228139958914
"628" 0 0 0 2.22683943063018e-07
"629" 0.003 0.003 0.003 0.00156051916641886
"630" 0.229 0.228 0.216 0.246318596761
"631" 0.002 0.001 0.005 0.000934065188263111
"632" 0 0 0 4.10520140103898e-08
"633" 0 0 0 7.89546813007025e-06
"634" 0.005 0.002 0.002 0.000951602702413457
"635" 0 0 0 3.06636327440657e-09
"636" 0 0 0 2.79222455823458e-07
"637" 0 0 0.001 0.000130975613193973
"638" 0 0 0 1.0313141540097e-05
"639" 0 0 0.001 6.26595881958458e-07
"640" 0.002 0 0.003 0.000546945394256038
"641" 0 0.001 0 4.84651033305639e-07
"642" 0.001 0.002 0.002 0.000469322849612763
"643" 0.018 0.02 0.023 0.0218485113909416
"644" 0.001 0.002 0.007 0.0027183595653627
"645" 0.005 0.006 0.007 0.00263611205315928
"646" 0.002 0 0.001 0.000211418700088228
"647" 0 0 0 6.82228717963085e-11
"648" 0.001 0.003 0.002 0.000833457475688415
"649" 0 0 0 1.81180404013048e-09
"650" 0.134 0.119 0.134 0.144798294171551
"651" 0.061 0.065 0.06 0.0618725321411394
"652" 0.15 0.13 0.149 0.154801665625659
"653" 0.001 0.001 0.003 0.000334065355276247
"654" 0 0 0.001 2.63717525668117e-05
"655" 0.105 0.106 0.121 0.120758314478634
"656" 0.017 0.023 0.014 0.0159844462696148
"657" 0.015 0.026 0.018 0.0143965343856898
"658" 0.059 0.066 0.063 0.0612507839471989
"659" 0.001 0.001 0.002 0.000287847756094695
"660" 0.243 0.265 0.275 0.293071418379158
"661" 0.038 0.042 0.048 0.041631395694978
"662" 0.002 0.001 0.002 0.000938989695928649
"663" 0.002 0 0.001 0.000447197073657923
"664" 0 0 0 3.07460573667484e-08
"665" 0.001 0.001 0.001 0.000149827003718683
"666" 0.004 0.011 0.017 0.00685339783011285
"667" 0.029 0.032 0.036 0.0230292466521074
"668" 0.007 0.007 0.011 0.00604159426783568
"669" 0.006 0.004 0.003 0.00215273299815921
"670" 0.001 0.003 0.003 0.000850887681979051
"671" 0 0 0 1.47274777906325e-06
"672" 0 0 0.001 5.97977495253588e-06
"673" 0.002 0.004 0.008 0.0016578661787704
"674" 0 0 0 7.1884908156572e-05
"675" 0.074 0.071 0.066 0.0687527601047607
"676" 0.006 0.005 0.005 0.00326861607798912
"677" 0.001 0.002 0.001 0.000451116219653658
"678" 0.016 0.013 0.016 0.0088487265241769
"679" 0 0 0 2.44227914392159e-06
"680" 0 0 0 2.11926203252943e-08
"681" 0.002 0 0.008 0.000559003607466524
"682" 0 0 0 7.12906333966146e-09
"683" 0 0 0 3.12885455655554e-05
"684" 0.001 0.001 0.002 0.000389043343521522
"685" 0 0 0 8.55647154618389e-06
"686" 0.002 0.004 0.003 0.00016803980099156
"687" 0 0 0 7.79358189095802e-09
"688" 0.092 0.1 0.114 0.114074544409625
"689" 0.001 0 0 4.73504809056502e-05
"690" 0.001 0.003 0.001 0.000108209005638238
"691" 0.053 0.056 0.061 0.0491340634870703
"692" 0.009 0.006 0.009 0.00484642860972262
"693" 0 0 0.001 3.7999773840891e-06
"694" 0 0.001 0.002 4.14169376582452e-05
"695" 0 0.001 0.001 0.000117030084955339
"696" 0 0 0 5.17367698904536e-07
"697" 0.001 0.002 0.002 0.000380674166766348
"698" 0.006 0.006 0.008 0.00436758263031323
"699" 0 0 0 4.05628692590199e-06
"700" 0 0 0 3.56670737389209e-09
"701" 0.393 0.38 0.36 0.399222070139394
"702" 0 0 0 3.44337907076664e-08
"703" 0 0.001 0 0.000155047050060086
"704" 0 0 0 5.68078651397297e-06
"705" 0 0 0 0
"706" 0.109 0.084 0.116 0.120755771458793
"707" 0 0 0.002 0.000194437505130041
"708" 0.003 0.002 0.006 0.00186158848715223
"709" 0.163 0.133 0.142 0.160118085834871
"710" 0 0 0 5.07871380506231e-08
"711" 0 0 0 6.0249269141166e-05
"712" 0.005 0.008 0.001 0.00364295456679231
"713" 0 0.002 0.004 0.0009988322554908
"714" 0.011 0.011 0.014 0.00812132758996775
"715" 0 0 0 1.3335739251441e-05
"716" 0 0 0 3.71567105972304e-08
"717" 0 0.002 0 0.000267282935318525
"718" 0.012 0.006 0.01 0.00608158055647945
"719" 0 0 0 3.6693334077853e-06
"720" 0 0 0 1.0878793199609e-08
"721" 0.015 0.01 0.015 0.00992277099006811
"722" 0 0.002 0.003 0.000241392202625756
"723" 0.003 0.003 0.005 0.0018054581620468
"724" 0.004 0.001 0.004 0.00120943960535691
"725" 0 0.001 0.003 0.000166582933354364
"726" 0.015 0.009 0.015 0.00934906110808154
"727" 0 0 0 1.95463645269456e-11
"728" 0.03 0.031 0.032 0.0268253888963811
"729" 0.005 0.007 0.004 0.00424131837636943
"730" 0.406 0.397 0.412 0.438217350017424
"731" 0 0 0 3.81594755793913e-12
"732" 0 0 0 1.08209359916955e-06
"733" 0.007 0.012 0.011 0.00412022421862968
"734" 0.069 0.073 0.056 0.0675957549001183
"735" 0.003 0.01 0.004 0.00389260861070484
"736" 0 0 0 1.93662132574879e-06
"737" 0.127 0.128 0.121 0.141254680270182
"738" 0.007 0.004 0.006 0.00257337242196232
"739" 0.261 0.275 0.267 0.298406922242538
"740" 0.001 0 0.006 0.0011561911714999
"741" 0.017 0.012 0.014 0.00632360040668134
"742" 0.047 0.032 0.029 0.0290681473069851
"743" 0 0 0 8.36716058782994e-06
"744" 0 0 0 4.80287094983822e-07
"745" 0 0 0 1.52554496368751e-07
"746" 0.004 0.012 0.008 0.0035794443375583
"747" 0 0.001 0 1.40558730616913e-05
"748" 0.029 0.037 0.035 0.03308549804559
"749" 0.093 0.079 0.075 0.0892175428906432
"750" 0 0 0 4.94411542817375e-08
"751" 0 0 0 6.3948846218409e-13
"752" 0.003 0 0.002 0.000163361327417233
"753" 0.214 0.201 0.213 0.238160818407343
"754" 0 0 0 2.64036570385429e-11
"755" 0.001 0.001 0.003 0.000142500964505299
"756" 0.21 0.22 0.209 0.232235369220695
"757" 0.041 0.04 0.031 0.044403662961107
"758" 0.108 0.105 0.106 0.125007517463435
"759" 0.016 0.014 0.017 0.0186267332275587
"760" 0.001 0.001 0 6.89103737705477e-06
"761" 0.002 0.001 0.001 0.000438191306529223
"762" 0.021 0.015 0.023 0.0207095982122398
"763" 0 0 0 2.78031906342235e-06
"764" 0.002 0.001 0.001 0.000218085430175985
"765" 0.001 0.001 0.003 0.000533239037891931
"766" 0.011 0.01 0.012 0.00780032727663815
"767" 0 0 0 8.24107370123173e-08
"768" 0.006 0.002 0.006 0.00128606300583489
"769" 0.002 0.009 0.007 0.00518684927110102
"770" 0.003 0.001 0.002 0.00126583358858889
"771" 0.026 0.026 0.023 0.022875310962162
"772" 0 0 0.001 4.6436361310298e-05
"773" 0 0 0 2.68005969084051e-07
"774" 0.008 0.002 0.01 0.00361269429028732
"775" 0.009 0.01 0.012 0.00556709569733382
"776" 0 0 0 3.46132864719184e-05
"777" 0.001 0.001 0 0.000104495438706054
"778" 0 0 0 4.30131038564596e-08
"779" 0 0 0.002 2.01235182285542e-05
"780" 0.003 0.007 0.004 0.00226664759544071
"781" 0.005 0.005 0.005 0.00396260043231
"782" 0.011 0.011 0.009 0.00981620546141115
"783" 0 0 0 4.9883187199451e-05
"784" 0 0 0 1.36201053535512e-06
"785" 0 0 0 0.000189136290262626
"786" 0.001 0 0.003 0.000233603557543982
"787" 0.001 0.001 0.003 0.000288800018231838
"788" 0.015 0.01 0.022 0.0095384121615254
"789" 0.005 0.001 0.004 0.00156897787612165
"790" 0.003 0.003 0.011 0.00244077703551926
"791" 0.01 0.004 0.003 0.00221992030617746
"792" 0 0 0 1.15962742595066e-05
"793" 0.002 0.002 0.004 0.000416266600061665
"794" 0 0 0 5.65951167275092e-06
"795" 0.001 0.001 0.001 0.000315662680291928
"796" 0.059 0.053 0.062 0.0557963684629755
"797" 0.072 0.063 0.063 0.0716603214034938
"798" 0 0 0 5.34502644711221e-05
"799" 0 0 0.001 2.60405234508987e-05
"800" 0 0 0 1.90497033791814e-06
"801" 0.001 0.001 0.001 0.000182884601202193
"802" 0 0 0 2.88581222551709e-06
"803" 0 0 0 3.08290457303739e-05
"804" 0 0 0 2.65263277010597e-07
"805" 0.006 0.002 0.007 0.00179142557895096
"806" 0.032 0.032 0.025 0.0244589918027196
"807" 0.003 0.001 0.001 0.00034308462290078
"808" 0.006 0.003 0.016 0.00274348858445861
"809" 0.011 0.019 0.017 0.0126296550954973
"810" 0.003 0.001 0.002 8.93811800485311e-05
"811" 0 0.002 0.002 0.0012570478682109
"812" 0.01 0.014 0.01 0.00544617787218371
"813" 0.135 0.131 0.121 0.137614929175713
"814" 0.002 0 0.002 0.000448951155542887
"815" 0.006 0.005 0.01 0.00469669867528011
"816" 0.034 0.04 0.034 0.0283629220246183
"817" 0.028 0.024 0.025 0.0171422167950748
"818" 0 0 0 1.67180487875562e-06
"819" 0 0 0 3.29609467617509e-05
"820" 0.004 0.002 0.001 0.000610052184676801
"821" 0.025 0.019 0.027 0.0150807006298376
"822" 0.005 0.001 0.004 0.00132745791896749
"823" 0.012 0.017 0.01 0.00956762470064576
"824" 0 0 0.001 0.000124170938977319
"825" 0 0 0.002 9.12886744708352e-06
"826" 0.005 0.009 0.006 0.00414468843213889
"827" 0.06 0.061 0.072 0.0648342320040257
"828" 0 0 0.001 1.49354118196277e-05
"829" 0.07 0.08 0.071 0.0840052124994639
"830" 0.036 0.04 0.042 0.0300430380715563
"831" 0.017 0.018 0.023 0.0145155990525689
"832" 0.002 0.001 0.003 0.000821274452783571
"833" 0.12 0.13 0.131 0.16444985009192
"834" 0 0 0 1.7430501486615e-14
"835" 0.001 0.003 0.004 0.000596035724881983
"836" 0 0 0.001 2.01894660724067e-05
"837" 0 0 0 8.21943624274013e-10
"838" 0.006 0.006 0.002 0.00277545519297095
"839" 0.091 0.069 0.076 0.0948377809452041
"840" 0 0 0 9.57876000740043e-11
"841" 0 0 0 5.0710202703641e-10
"842" 0.03 0.028 0.037 0.0272787881884268
"843" 0 0 0 1.0430368047043e-06
"844" 0.172 0.189 0.166 0.196689657013047
"845" 0.002 0.005 0.005 0.00123997358939387
"846" 0 0 0 1.32462477665518e-05
"847" 0 0 0 3.99386523852741e-09
"848" 0.046 0.042 0.039 0.0468051671817797
"849" 0.004 0 0.001 0.000104835860944119
"850" 0.001 0.002 0.005 0.000441479292482061
"851" 0.069 0.09 0.099 0.0872321482988613
"852" 0.043 0.043 0.054 0.043024403335868
"853" 0.008 0.008 0.012 0.00418014283044954
"854" 0 0 0 2.31203846824402e-05
"855" 0 0.004 0.001 0.000642782132568076
"856" 0.002 0.001 0.002 0.000598388187341925
"857" 0 0 0 8.50657285178524e-06
"858" 0 0.002 0.001 0.000872074692006453
"859" 0.028 0.031 0.021 0.0207334578542805
"860" 0.132 0.154 0.129 0.145225272076794
"861" 0.002 0.002 0.002 0.00147241649706786
"862" 0 0 0 2.05712891165888e-10
"863" 0.003 0.002 0.005 0.0014094303065969
"864" 0.071 0.073 0.06 0.0599578501722958
"865" 0.012 0.009 0.004 0.00505272721312222
"866" 0 0 0 1.54493424386892e-07
"867" 0.049 0.051 0.048 0.0474026924244452
"868" 0.016 0.012 0.014 0.0107729226305489
"869" 0.037 0.038 0.048 0.0338211022655102
"870" 0.048 0.043 0.05 0.0482957596781131
"871" 0 0 0 9.42508071588577e-10
"872" 0 0.002 0 9.45024860945498e-05
"873" 0.002 0.003 0.001 0.000608208035716484
"874" 0.007 0.008 0.01 0.00761683100964194
"875" 0 0 0 6.63669764700003e-08
"876" 0 0 0.004 9.47828251386396e-05
"877" 0 0.001 0 4.53791227604805e-05
"878" 0.001 0 0.001 0.000223160923984
"879" 0 0.001 0 2.39056726509812e-05
"880" 0.001 0.001 0.001 0.000171355304760867
"881" 0.05 0.047 0.05 0.044833600893468
"882" 0.002 0 0.003 0.000221185528582635
"883" 0.043 0.048 0.04 0.0407764042319174
"884" 0.29 0.276 0.252 0.298089235277036
"885" 0.004 0.002 0.004 0.00208530134727603
"886" 0 0 0 2.84045567067182e-08
"887" 0 0 0 8.34765099770873e-05
"888" 0 0.001 0.001 0.00015260603873124
"889" 0.206 0.187 0.199 0.225614063218665
"890" 0.012 0.008 0.022 0.00830317047164808
"891" 0 0 0 1.78072644518856e-07
"892" 0 0 0 2.05166261657563e-06
"893" 0 0 0 2.69218292103801e-08
"894" 0.002 0.004 0.002 0.000495124677107217
"895" 0.015 0.019 0.025 0.0133208570199053
"896" 0.013 0.025 0.013 0.0154750628384225
"897" 0 0 0 1.00586206031039e-13
"898" 0.003 0.005 0.005 0.000943005530635532
"899" 0.004 0.006 0.005 0.00123388534548474
"900" 0.003 0 0.002 0.000530563168140596
"901" 0.011 0.012 0.005 0.00838098189918457
"902" 0 0.001 0.001 1.4318041991479e-05
"903" 0.021 0.021 0.03 0.021216132610951
"904" 0.006 0.006 0.003 0.00407197759486322
"905" 0.001 0.001 0.001 0.000100503734544621
"906" 0.34 0.311 0.376 0.360179603721812
"907" 0.001 0 0 8.5151736479161e-05
"908" 0.016 0.019 0.014 0.0103174017805239
"909" 0 0 0 5.3893556284379e-12
"910" 0 0.002 0.001 0.000601786910904401
"911" 0 0 0.002 9.62911902957497e-06
"912" 0 0 0 4.41163240383347e-08
"913" 0 0 0.004 4.47979195494774e-05
"914" 0 0 0 2.37883112985671e-07
"915" 0 0 0 3.11392960250512e-06
"916" 0 0 0.002 0.000414557194215126
"917" 0.001 0.003 0.003 0.00142508741638037
"918" 0 0 0.001 7.33422245502435e-06
"919" 0 0 0 1.05853565788294e-05
"920" 0 0.001 0.001 4.56985134614785e-05
"921" 0.221 0.218 0.226 0.252091558402403
"922" 0 0 0.001 0.000668888064205064
"923" 0.004 0 0.002 0.000366340421175559
"924" 0 0 0 7.39341168550789e-05
"925" 0 0 0 1.44288891945621e-09
"926" 0.013 0.013 0.012 0.00759361802204905
"927" 0 0 0 6.22107715301246e-05
"928" 0.002 0.001 0.002 0.000120126074546589
"929" 0 0 0 4.07005198654886e-07
"930" 0 0 0 2.85877027605963e-08
"931" 0 0 0 1.17502856257223e-05
"932" 0.002 0 0.006 0.000432936894536828
"933" 0.011 0.012 0.011 0.00852396286138069
"934" 0.012 0.015 0.013 0.00663217412650219
"935" 0.069 0.07 0.081 0.0757304851274987
"936" 0 0 0 9.7762631212639e-08
"937" 0.001 0.002 0.002 0.000341797273824329
"938" 0 0 0.001 1.64352040787907e-06
"939" 0.01 0.014 0.006 0.00860043528130161
"940" 0.003 0.007 0.005 0.00149044548304289
"941" 0 0.002 0.001 0.000178649386778695
"942" 0 0 0.001 6.81223306860934e-05
"943" 0.294 0.303 0.318 0.333831021036998
"944" 0.011 0.004 0.004 0.00254538009439642
"945" 0.002 0.003 0.003 0.00101149130102951
"946" 0.025 0.035 0.044 0.029187703843929
"947" 0 0 0 1.28489751161087e-06
"948" 0.007 0.005 0.008 0.00338760568660368
"949" 0 0 0 5.59669224631243e-07
"950" 0.024 0.017 0.019 0.0175974055241374
"951" 0.08 0.084 0.068 0.0736004501046198
"952" 0.018 0.014 0.012 0.00813615468571705
"953" 0 0 0 1.33915797505546e-05
"954" 0 0 0.001 5.63821629120387e-05
"955" 0 0.003 0.004 0.00156034835409058
"956" 0.189 0.182 0.179 0.201085937920456
"957" 0.023 0.019 0.032 0.0230590299838366
"958" 0 0 0 1.9462209621679e-13
"959" 0 0 0 5.90901771957419e-11
"960" 0 0 0 5.52336895998096e-07
"961" 0.002 0.003 0.004 0.000905761036293029
"962" 0.006 0.005 0.004 0.00299859566828675
"963" 0 0 0 9.96699597299866e-08
"964" 0 0 0 2.84822407258245e-05
"965" 0.02 0.018 0.014 0.0140293310925349
"966" 0 0 0.001 4.57945264586979e-06
"967" 0 0 0 2.08955777453168e-05
"968" 0.103 0.075 0.081 0.0903913460105017
"969" 0 0 0 1.33879188535246e-06
"970" 0 0 0 1.28979673830187e-07
"971" 0.009 0.015 0.006 0.00599025854605328
"972" 0.006 0.006 0.008 0.00364954721697486
"973" 0 0 0 1.12022623621755e-07
"974" 0.013 0.013 0.017 0.00878775865275516
"975" 0.065 0.079 0.087 0.0804728202176114
"976" 0.005 0 0.002 0.00131780626984468
"977" 0 0 0 1.07230311297002e-08
"978" 0.016 0.014 0.021 0.0147991524449852
"979" 0 0 0 7.62011801586082e-05
"980" 0 0 0 1.00516634715664e-06
"981" 0.004 0.006 0.004 0.00233902664637931
"982" 0.001 0.001 0.005 0.00064690758148056
"983" 0 0.001 0.001 7.9419168483752e-05
"984" 0.001 0 0 3.09849709467791e-05
"985" 0.003 0.001 0.001 0.000356921156056345
"986" 0 0 0.001 4.57574719592291e-06
"987" 0 0 0.001 1.0536604380107e-06
"988" 0.166 0.144 0.153 0.173608165588778
"989" 0.006 0.008 0.008 0.00181725854748094
"990" 0.125 0.115 0.091 0.113934333564672
"991" 0.016 0.011 0.02 0.0144748543151615
"992" 0.111 0.133 0.141 0.144681293687762
"993" 0 0 0 1.71036962637316e-06
"994" 0.003 0.004 0.007 0.000722525318939349
"995" 0.011 0.017 0.015 0.0121688570815405
"996" 0.01 0.004 0.006 0.00286673396282544
"997" 0.033 0.032 0.042 0.0317459257981817
"998" 0.009 0.009 0.013 0.00490655610755764
"999" 0 0 0.001 1.36395418937063e-05
"1000" 0.018 0.011 0.015 0.0113042158139949
