"A" "B" "P" "BT"
"1" 0.106 0.08 0.101 0.104688305605872
"2" 0.364 0.363 0.389 0.388093813141812
"3" 0.013 0.015 0.012 0.00987866584030239
"4" 0.191 0.166 0.202 0.213276637738462
"5" 0.007 0.005 0.001 0.00312153992095299
"6" 0.015 0.011 0.012 0.00789132719630414
"7" 0.043 0.051 0.041 0.0417807787976875
"8" 0.132 0.097 0.107 0.122638844438353
"9" 0 0 0 1.66857780082852e-05
"10" 0.223 0.212 0.219 0.248858944007889
"11" 0.005 0.004 0.001 0.00250964457871672
"12" 0.045 0.049 0.056 0.0503713514121764
"13" 0.103 0.116 0.129 0.11689685969566
"14" 0.083 0.07 0.076 0.0805575764043718
"15" 0.032 0.033 0.037 0.026871557172009
"16" 0.001 0.001 0 2.07849526454584e-05
"17" 0.021 0.041 0.031 0.0329060767559308
"18" 0.201 0.208 0.211 0.229366925731756
"19" 0.001 0.001 0.001 0.000189459071783471
"20" 0.03 0.031 0.025 0.020361062055823
"21" 0.139 0.147 0.139 0.153922674931597
"22" 0.254 0.254 0.25 0.291464115239255
"23" 0.103 0.103 0.118 0.115625123389924
"24" 0.094 0.089 0.106 0.106735023079066
"25" 0.029 0.024 0.025 0.0206326638180421
"26" 0.001 0.004 0.009 0.00191675733803198
"27" 0 0.002 0.003 0.00133164793564022
"28" 0.003 0.003 0.001 0.00117337801741446
"29" 0 0 0 1.75601866381214e-10
"30" 0.034 0.033 0.029 0.0294585239076804
"31" 0.005 0.007 0.011 0.0026990664835691
"32" 0.297 0.277 0.284 0.329152270256168
"33" 0.076 0.071 0.086 0.0804018768638801
"34" 0.027 0.035 0.032 0.0305921149301718
"35" 0.015 0.012 0.013 0.00713697439741867
"36" 0.061 0.052 0.053 0.0532275177510744
"37" 0.017 0.018 0.015 0.0104172063384718
"38" 0.161 0.179 0.141 0.181589702386752
"39" 0 0 0.004 9.7570235519151e-05
"40" 0.113 0.101 0.121 0.123854720790677
"41" 0.003 0.002 0.003 0.00140430860029128
"42" 0 0 0 1.2418818196025e-09
"43" 0.002 0 0 0.00046586329314513
"44" 0 0 0 6.12652247743428e-05
"45" 0.01 0.003 0.004 0.00236433440760109
"46" 0.033 0.028 0.046 0.0315258263492467
"47" 0.003 0.001 0 0.000244136165369557
"48" 0.01 0.01 0.012 0.00904885739463246
"49" 0.09 0.101 0.103 0.100323716237884
"50" 0.674 0.67 0.694 0.63014493773767
"51" 0.018 0.015 0.015 0.0142007925200081
"52" 0 0 0 2.42815711981592e-09
"53" 0.031 0.043 0.043 0.0301779793031514
"54" 0.126 0.12 0.155 0.153961954572806
"55" 0.008 0.007 0.015 0.00416029187013822
"56" 0.053 0.055 0.064 0.0571821849798032
"57" 0 0 0 0.000120239728768401
"58" 0.16 0.178 0.163 0.192363561333603
"59" 0.118 0.113 0.122 0.121009334004606
"60" 0.027 0.036 0.035 0.0229419828626325
"61" 0.377 0.381 0.379 0.410056352339975
"62" 0 0 0 2.6163080109054e-06
"63" 0.002 0 0 0.000215022745640336
"64" 0.007 0.007 0.006 0.00819280242362064
"65" 0.025 0.034 0.031 0.0244682062352147
"66" 0.002 0.002 0.005 0.000708555528491361
"67" 0.152 0.128 0.149 0.149457138898929
"68" 0.738 0.756 0.752 0.70019680848338
"69" 0.054 0.043 0.071 0.0532845222309462
"70" 0 0 0 1.93375549373265e-06
"71" 0 0.002 0 0.00048781512078544
"72" 0.095 0.103 0.113 0.118620049328388
"73" 0.015 0.02 0.022 0.012417058081141
"74" 0.012 0.015 0.023 0.00839033969062453
"75" 0.545 0.532 0.509 0.53706309835915
"76" 0.004 0.002 0.009 0.0034892393937771
"77" 0.031 0.038 0.048 0.0357346011350181
"78" 0.001 0 0.003 0.00011412099499386
"79" 0.111 0.101 0.103 0.11980116273505
"80" 0.222 0.215 0.213 0.245148468589589
"81" 0.098 0.101 0.116 0.126373963869499
"82" 0.106 0.125 0.126 0.122176569778827
"83" 0.009 0.008 0.012 0.00481802262398268
"84" 0.672 0.698 0.68 0.653287351746015
"85" 0.02 0.024 0.019 0.0163327405211422
"86" 0.026 0.028 0.039 0.0221085287420605
"87" 0.005 0.008 0.008 0.00609595846969091
"88" 0.537 0.575 0.584 0.553346623835637
"89" 0.312 0.361 0.345 0.375542911766054
"90" 0.295 0.285 0.291 0.32271589282189
"91" 0 0 0 9.47087624817433e-05
"92" 0.023 0.021 0.034 0.020192988026612
"93" 0 0.001 0 9.54496394429682e-05
"94" 0.017 0.011 0.026 0.0164898116542366
"95" 0.003 0.003 0.007 0.0024198980218354
"96" 0 0 0.002 1.22143644498696e-05
"97" 0.002 0.005 0.013 0.00217543317940894
"98" 0.001 0 0 1.32924930354994e-05
"99" 0 0 0 2.09335090506357e-05
"100" 0.031 0.019 0.028 0.0210589827495167
"101" 0.092 0.083 0.109 0.0945447892496342
"102" 0.121 0.118 0.127 0.134944258518251
"103" 0 0 0.001 3.10206397347024e-06
"104" 0.224 0.227 0.227 0.260440090922328
"105" 0.09 0.095 0.086 0.105872175808673
"106" 0.027 0.027 0.033 0.0255478692754334
"107" 0 0 0 2.47633469285802e-10
"108" 0.201 0.2 0.209 0.228656462482346
"109" 0.01 0.006 0.007 0.00358992723359264
"110" 0.09 0.093 0.108 0.0986043727444781
"111" 0 0 0 1.30934165497587e-05
"112" 0.179 0.176 0.174 0.191987880387325
"113" 0.133 0.124 0.137 0.154026555375861
"114" 0.077 0.072 0.074 0.0778369895705533
"115" 0.15 0.131 0.137 0.156597771282397
"116" 0.484 0.451 0.419 0.472142011345041
"117" 0.055 0.049 0.057 0.0571963429914529
"118" 0.313 0.354 0.362 0.38243778422216
"119" 0.007 0.01 0.007 0.00601286963566217
"120" 0.008 0.003 0.006 0.00248644321145619
"121" 0.007 0.011 0.011 0.00559846571405032
"122" 0.001 0.002 0.004 0.000309241939015492
"123" 0.131 0.147 0.149 0.177091016108595
"124" 0 0 0.001 0.00016591298584645
"125" 0.049 0.066 0.081 0.0656823351750088
"126" 0.003 0.002 0.005 0.00216601232255342
"127" 0.017 0.016 0.023 0.0123355179506833
"128" 0.038 0.043 0.055 0.0469203528305997
"129" 0.049 0.036 0.048 0.0441463053484679
"130" 0.025 0.017 0.017 0.0122322859244534
"131" 0.011 0.014 0.021 0.0101851787511478
"132" 0.009 0.01 0.01 0.00834981500851917
"133" 0.056 0.045 0.06 0.0524538610805982
"134" 0.046 0.053 0.066 0.053836397320704
"135" 0.002 0.002 0.005 0.000947383259748524
"136" 0.156 0.167 0.149 0.177572945776785
"137" 0.001 0.001 0.007 0.000476847209363473
"138" 0.003 0.002 0.002 0.000654371780380525
"139" 0.01 0.016 0.015 0.0087569172261649
"140" 0.006 0.004 0.005 0.00312004724578718
"141" 0.015 0.01 0.013 0.00926003220563643
"142" 0.004 0.006 0.011 0.00481814922194423
"143" 0.083 0.07 0.082 0.0873226990890251
"144" 0.005 0.007 0.004 0.00311438923654717
"145" 0.004 0.009 0.01 0.00474900299558367
"146" 0.026 0.021 0.029 0.0213238667990797
"147" 0.015 0.024 0.019 0.0147542372601847
"148" 0.72 0.668 0.743 0.674257875085734
"149" 0.354 0.334 0.355 0.386258055309948
"150" 0.002 0 0.002 0.000533989224550724
"151" 0.093 0.092 0.115 0.11663699159792
"152" 0.02 0.014 0.023 0.0179634431826405
"153" 0 0.001 0.001 0.000109207177860893
"154" 0 0 0 7.6959788952724e-07
"155" 0.012 0.018 0.022 0.0135777728864782
"156" 0.497 0.46 0.522 0.509279229496782
"157" 0 0 0.001 0.000139569401778838
"158" 0.003 0.003 0.003 0.00147022583884604
"159" 0.086 0.082 0.071 0.0919771333163149
"160" 0.19 0.188 0.157 0.199314654695941
"161" 0.264 0.258 0.272 0.289740338083317
"162" 0 0.002 0.001 6.57760200349911e-05
"163" 0.036 0.043 0.045 0.0355179410994348
"164" 0.826 0.827 0.821 0.749728426019659
"165" 0.001 0 0 3.14821385871689e-06
"166" 0.029 0.039 0.044 0.0300949316276241
"167" 0 0.001 0.001 0.000296593725234606
"168" 0.6 0.567 0.552 0.571067652357806
"169" 0.002 0.003 0.002 0.000456624487615631
"170" 0.017 0.014 0.02 0.0123844135357877
"171" 0.012 0.021 0.02 0.0120915218368119
"172" 0.083 0.081 0.09 0.088990473373125
"173" 0.004 0.004 0.006 0.00191440968329049
"174" 0.006 0.004 0.003 0.00184966058499902
"175" 0.104 0.098 0.104 0.101532163479864
"176" 0.098 0.097 0.1 0.106255185277001
"177" 0 0.001 0 0.000197771884798303
"178" 0.002 0 0 5.98889389764601e-05
"179" 0.054 0.053 0.049 0.0461810076820961
"180" 0.094 0.102 0.081 0.109612038549507
"181" 0.078 0.066 0.07 0.0697381938456261
"182" 0.207 0.176 0.21 0.220248591882072
"183" 0.003 0 0.003 0.00074677041832083
"184" 0.094 0.083 0.097 0.107514109276629
"185" 0.016 0.015 0.015 0.0116517574238151
"186" 0 0 0 1.88983815955224e-05
"187" 0.001 0.004 0.003 0.000786236342048108
"188" 0.008 0.008 0.011 0.00609272180818177
"189" 0 0 0 5.96701839050695e-08
"190" 0 0 0 6.71652733430506e-11
"191" 0.012 0.011 0.012 0.00845601972474486
"192" 0.018 0.01 0.02 0.0108636754613312
"193" 0 0 0 3.71682186360855e-05
"194" 0 0 0.001 7.61821828128006e-05
"195" 0.002 0.002 0.002 0.000422694031909643
"196" 0.028 0.023 0.026 0.0186217197984618
"197" 0.002 0 0.002 0.000162471017286614
"198" 0.087 0.073 0.06 0.079471136410465
"199" 0 0 0 1.04213640814699e-05
"200" 0.03 0.028 0.029 0.0212321981772602
"201" 0.114 0.113 0.096 0.126561403495254
"202" 0.005 0.005 0.011 0.00300614621251116
"203" 0.008 0.003 0.01 0.00268332905750923
"204" 0.054 0.054 0.057 0.0618415778767104
"205" 0.012 0.015 0.008 0.00677280054549279
"206" 0 0 0 2.00867296129559e-08
"207" 0.001 0.003 0.003 0.00234221756630992
"208" 0 0 0 1.50540463672577e-06
"209" 0.141 0.136 0.146 0.16510831271631
"210" 0.013 0.012 0.005 0.00852189843467843
"211" 0.036 0.049 0.045 0.0429920642894042
"212" 0 0 0 6.35673699577177e-05
"213" 0.024 0.023 0.036 0.0278693471561386
"214" 0.073 0.096 0.105 0.101735395178396
"215" 0.386 0.412 0.413 0.424006508704185
"216" 0 0 0 7.41788761438045e-05
"217" 0.009 0.011 0.018 0.00916930884880585
"218" 0.192 0.165 0.179 0.200824615755399
"219" 0.277 0.273 0.263 0.305136811566753
"220" 0.001 0 0.001 6.66625085881112e-05
"221" 0.186 0.2 0.218 0.222941728947979
"222" 0.183 0.185 0.198 0.21886156604758
"223" 0.152 0.156 0.161 0.172694522747047
"224" 0 0 0 2.77494692502156e-05
"225" 0.431 0.442 0.409 0.436739562848553
"226" 0.498 0.541 0.54 0.544061333703308
"227" 0.003 0.001 0.003 0.000327591130501181
"228" 0.001 0.002 0.002 0.000496246380527254
"229" 0.001 0.002 0.001 0.000147792896705745
"230" 0 0 0.001 0.000108830524724435
"231" 0.513 0.571 0.568 0.550192411184474
"232" 0.104 0.09 0.098 0.111635020096516
"233" 0.056 0.042 0.046 0.0366539013009041
"234" 0.093 0.096 0.075 0.0995469537411074
"235" 0.445 0.476 0.475 0.491632180321409
"236" 0.028 0.024 0.027 0.0263576349558655
"237" 0.007 0.014 0.015 0.00829627701725133
"238" 0.045 0.048 0.054 0.0505989090252271
"239" 0.529 0.472 0.491 0.508274035651695
"240" 0.076 0.067 0.077 0.0748302925635129
"241" 0.018 0.015 0.016 0.00820276934871389
"242" 0.003 0.002 0.005 0.00153434051034973
"243" 0.071 0.064 0.051 0.0565414951018759
"244" 0.014 0.009 0.007 0.00737798744825113
"245" 0.393 0.45 0.436 0.457389189505719
"246" 0.101 0.117 0.102 0.116116096011283
"247" 0.337 0.336 0.378 0.38009160889924
"248" 0.001 0.002 0.003 0.00056257002735427
"249" 0.237 0.241 0.246 0.269937743092624
"250" 0.003 0.006 0.002 0.00215121059568957
"251" 0.001 0 0 6.29147566489907e-05
"252" 0 0.001 0.002 6.36931296144061e-05
"253" 0.019 0.015 0.023 0.0121840575426925
"254" 0.255 0.249 0.244 0.305235209388982
"255" 0.346 0.319 0.319 0.364694429079685
"256" 0.186 0.195 0.179 0.209071051126825
"257" 0.025 0.034 0.044 0.0284575172274814
"258" 0.171 0.162 0.181 0.196366844257694
"259" 0.106 0.118 0.143 0.141912793561678
"260" 0.027 0.026 0.024 0.0258500350357024
"261" 0.088 0.092 0.102 0.109307929931545
"262" 0.912 0.916 0.907 0.822654463022209
"263" 0 0 0.002 0.000765194801438551
"264" 0.002 0.005 0.004 0.00178047253010849
"265" 0.023 0.024 0.023 0.0203308061514385
"266" 0.015 0.019 0.019 0.0100173625603022
"267" 0.064 0.068 0.083 0.069933213616164
"268" 0 0 0 4.40079935093429e-06
"269" 0.006 0.006 0.004 0.00325307588067303
"270" 0.041 0.047 0.056 0.0469030625947812
"271" 0.002 0.004 0.007 0.00203160310508055
"272" 0.004 0.001 0.001 0.0007869713061599
"273" 0.01 0.007 0.015 0.00770689384485646
"274" 0.037 0.04 0.039 0.0397838171476737
"275" 0.161 0.185 0.176 0.182043185594017
"276" 0.811 0.817 0.823 0.740258681262578
"277" 0.001 0.003 0 0.00285724326823722
"278" 0.048 0.035 0.055 0.0438485190844825
"279" 0.002 0 0.003 0.000449500150289661
"280" 0.002 0 0.002 0.000554698158523492
"281" 0 0 0 2.8475848247167e-06
"282" 0.002 0.006 0.003 0.00248591595277303
"283" 0.005 0.002 0.001 0.00188567404959261
"284" 0.001 0 0.001 0.000161941163255741
"285" 0.017 0.021 0.019 0.0168449819611056
"286" 0.147 0.15 0.13 0.147836985111892
"287" 0 0 0 2.96248908854269e-05
"288" 0.012 0.01 0.012 0.011015355551079
"289" 0.001 0 0 0.000512337391956219
"290" 0.059 0.048 0.051 0.0505263937685091
"291" 0.054 0.071 0.066 0.065214238031492
"292" 0.001 0.003 0.005 0.00132417945750885
"293" 0.211 0.204 0.199 0.239825545666134
"294" 0 0 0 1.52619732232129e-05
"295" 0.01 0.014 0.015 0.0088004368491249
"296" 0.004 0.003 0.005 0.00158224772145565
"297" 0.002 0.004 0.006 0.00168932687145396
"298" 0.026 0.024 0.027 0.0195685272075917
"299" 0.234 0.217 0.248 0.262221931617132
"300" 0.272 0.296 0.293 0.328127299012974
"301" 0.234 0.25 0.234 0.268821054153706
"302" 0.1 0.115 0.09 0.107242471661195
"303" 0.002 0.008 0.009 0.00189586275234477
"304" 0.351 0.347 0.315 0.368565117342857
"305" 0.189 0.215 0.202 0.221318275884504
"306" 0.465 0.477 0.465 0.498260757220242
"307" 0.05 0.048 0.046 0.0499263612615104
"308" 0.296 0.289 0.318 0.330773536438613
"309" 0.097 0.124 0.115 0.115948796814187
"310" 0.001 0.001 0.004 0.000182664807533151
"311" 0.348 0.387 0.369 0.401157507684951
"312" 0.017 0.02 0.025 0.0187256597174149
"313" 0.081 0.094 0.085 0.0951326840465634
"314" 0.064 0.065 0.073 0.0722723050302715
"315" 0.004 0.006 0.002 0.00192556664932664
"316" 0.003 0.002 0.002 0.00163125772280481
"317" 0.14 0.102 0.118 0.129811014368036
"318" 0.009 0.015 0.01 0.00811626038523927
"319" 0 0 0.002 3.24303108489854e-05
"320" 0.001 0.001 0.005 0.000358841578246727
"321" 0.131 0.097 0.092 0.115118280919452
"322" 0.468 0.482 0.468 0.491926544193853
"323" 0.048 0.055 0.058 0.057997845660438
"324" 0.073 0.075 0.073 0.0657853121681246
"325" 0.057 0.057 0.062 0.0563004698520847
"326" 0.007 0.005 0.008 0.002566390881233
"327" 0.019 0.025 0.029 0.0245254227371374
"328" 0.019 0.017 0.022 0.017033660749063
"329" 0 0 0 2.82609941770762e-06
"330" 0.4 0.402 0.392 0.423192488060098
"331" 0.063 0.077 0.072 0.0652473871057199
"332" 0.004 0.005 0.01 0.00175094455565861
"333" 0 0 0.002 0.000386438136062095
"334" 0.003 0.002 0.007 0.00166695299714548
"335" 0.326 0.298 0.347 0.353293943747865
"336" 0.054 0.032 0.048 0.0386758135586516
"337" 0 0.002 0 6.43915592186683e-05
"338" 0.016 0.015 0.015 0.00670508197875597
"339" 0.005 0.017 0.017 0.00758432105478291
"340" 0.06 0.05 0.061 0.0466621010388705
"341" 0.461 0.449 0.469 0.490245971163462
"342" 0.021 0.018 0.024 0.0131147220339159
"343" 0.063 0.068 0.069 0.0521615157332181
"344" 0.004 0 0.005 0.000693821297340413
"345" 0.219 0.235 0.224 0.251075950823786
"346" 0.027 0.019 0.029 0.01703900446424
"347" 0.017 0.015 0.016 0.0113151302868006
"348" 0.11 0.112 0.133 0.120425258885948
"349" 0.06 0.067 0.062 0.0701223417431535
"350" 0.015 0.005 0.017 0.00838996422520288
"351" 0.626 0.651 0.625 0.607765970492124
"352" 0.009 0.004 0.007 0.00287286689360711
"353" 0.345 0.378 0.36 0.37838151548344
"354" 0 0 0 0.000114339293273091
"355" 0.006 0.001 0.005 0.00117905770187043
"356" 0.692 0.665 0.7 0.649744581544708
"357" 0 0.001 0.001 1.44641713248905e-05
"358" 0.065 0.066 0.065 0.0674473471912308
"359" 0.035 0.045 0.057 0.0401930879017823
"360" 0.01 0.007 0.011 0.00492596055273564
"361" 0.009 0.006 0.003 0.00454808003191276
"362" 0.002 0.002 0.002 0.000687944074192814
"363" 0.199 0.181 0.156 0.221419220233663
"364" 0.083 0.08 0.072 0.0922229470291325
"365" 0 0 0.001 3.16628462625479e-05
"366" 0.003 0.004 0.005 0.000891966151568502
"367" 0.01 0.014 0.015 0.00926376708594356
"368" 0.061 0.077 0.068 0.0709494067353865
"369" 0.007 0.004 0.011 0.00481035581198308
"370" 0 0 0.001 4.13842065496439e-05
"371" 0.265 0.199 0.228 0.254164524639702
"372" 0.562 0.542 0.568 0.563095702660503
"373" 0.01 0.006 0.006 0.00433014528159037
"374" 0.362 0.331 0.353 0.375806145647187
"375" 0.015 0.018 0.017 0.0144849021402186
"376" 0.053 0.036 0.033 0.040421785987405
"377" 0.242 0.237 0.272 0.29195659168219
"378" 0.574 0.595 0.61 0.581060426169406
"379" 0.001 0 0.003 0.000354400880946848
"380" 0.452 0.472 0.523 0.500936041162752
"381" 0 0.001 0 0.000552331253441452
"382" 0.027 0.021 0.032 0.0219270774731194
"383" 0.001 0 0.001 2.79771408575602e-05
"384" 0.158 0.178 0.152 0.18223277037083
"385" 0.002 0.003 0.002 0.000786292959984558
"386" 0 0.002 0.004 0.00048205077171326
"387" 0.154 0.159 0.165 0.176891315266667
"388" 0.066 0.05 0.063 0.074401319922161
"389" 0.015 0.012 0.017 0.0096419951636072
"390" 0.028 0.025 0.03 0.0261110034732025
"391" 0.048 0.029 0.042 0.0355641574202927
"392" 0.114 0.132 0.125 0.132406163260992
"393" 0.001 0.001 0 3.8633175875824e-05
"394" 0.19 0.212 0.226 0.236533670208027
"395" 0 0.001 0.003 0.00044795156093258
"396" 0.004 0.007 0.012 0.00285125813601173
"397" 0.022 0.033 0.029 0.0164106602250531
"398" 0.012 0.015 0.02 0.0106179457133398
"399" 0.03 0.029 0.03 0.0237383379947164
"400" 0 0 0 4.1200631525351e-06
"401" 0.003 0.002 0.001 0.00103265790899332
"402" 0.567 0.554 0.537 0.548231326594877
"403" 0.382 0.382 0.394 0.428358995564477
"404" 0 0.001 0 4.4262751086821e-05
"405" 0.009 0.006 0.014 0.00621401033210345
"406" 0 0 0.002 2.85813362103093e-05
"407" 0.002 0.001 0.002 0.000318183236934777
"408" 0.001 0.001 0.003 0.00197059798734689
"409" 0 0 0.001 0.000100331512928875
"410" 0.001 0 0 3.06184801351916e-05
"411" 0.052 0.038 0.039 0.0324203985307752
"412" 0.341 0.333 0.341 0.37080507581398
"413" 0.147 0.148 0.133 0.153200079010312
"414" 0 0.003 0.003 0.00123060214158233
"415" 0.065 0.077 0.076 0.0822979700899561
"416" 0.006 0.015 0.01 0.00640607316253206
"417" 0 0 0 3.3525003695356e-07
"418" 0 0 0 8.98490985951073e-05
"419" 0.004 0.002 0.003 0.00145869206804605
"420" 0 0 0 9.10937991704941e-13
"421" 0.006 0.007 0.009 0.00425273355526357
"422" 0.026 0.017 0.037 0.0183551996414365
"423" 0.116 0.137 0.121 0.140026374480726
"424" 0.003 0.003 0.004 0.000542291298554098
"425" 0 0.003 0.001 0.000803406325544431
"426" 0 0 0.001 2.5387275300659e-05
"427" 0.004 0.005 0.012 0.00582003768280825
"428" 0.001 0.003 0.001 0.000883262929019746
"429" 0.009 0.01 0.014 0.00729569380332484
"430" 0.006 0.006 0.005 0.00265762839611117
"431" 0.028 0.026 0.027 0.0168150922006548
"432" 0.253 0.278 0.254 0.290394980753644
"433" 0.08 0.076 0.09 0.0850845738020622
"434" 0.011 0.009 0.012 0.00931266856352186
"435" 0.019 0.018 0.029 0.0220190047930827
"436" 0.032 0.023 0.025 0.0195846225755966
"437" 0.266 0.212 0.252 0.268783261647035
"438" 0 0 0.001 5.75666490290061e-05
"439" 0 0 0 4.7986680751233e-06
"440" 0 0 0 0.000116210862876165
"441" 0.02 0.027 0.033 0.0239084479558231
"442" 0 0.001 0.002 3.34992028719894e-05
"443" 0.002 0 0.001 0.000579007166842338
"444" 0.036 0.053 0.034 0.0437644402224511
"445" 0.008 0.004 0.004 0.00251622390508388
"446" 0 0 0.001 2.96475882954894e-06
"447" 0.012 0.012 0.005 0.00737239000633361
"448" 0.001 0.002 0.006 0.000831910543652614
"449" 0.03 0.022 0.042 0.0330533921276587
"450" 0.067 0.053 0.07 0.0640857473902051
"451" 0.005 0.004 0.015 0.00402504908731749
"452" 0.055 0.066 0.056 0.0660676758490037
"453" 0.08 0.077 0.086 0.0871065691420577
"454" 0.018 0.024 0.015 0.0122874236245296
"455" 0.129 0.13 0.129 0.131125623642445
"456" 0.013 0.015 0.018 0.0100467276979775
"457" 0.068 0.059 0.073 0.0698804483410441
"458" 0.002 0.007 0.001 0.00127932548712317
"459" 0 0 0 6.18559381493355e-09
"460" 0.007 0.004 0.011 0.00243238209801144
"461" 0.083 0.054 0.092 0.0857762431046256
"462" 0.443 0.445 0.424 0.443411636221412
"463" 0 0 0 8.98480472910634e-07
"464" 0.008 0.008 0.014 0.00594514360707921
"465" 0.067 0.056 0.077 0.0753480237832744
"466" 0.068 0.064 0.081 0.0745361065277361
"467" 0.036 0.044 0.042 0.0393065224937756
"468" 0.076 0.095 0.076 0.0869912295429847
"469" 0.207 0.214 0.213 0.240172177198244
"470" 0 0 0 4.8846419710924e-05
"471" 0.026 0.019 0.025 0.0213048997516329
"472" 0.039 0.045 0.038 0.036876560512928
"473" 0.072 0.079 0.066 0.06668211893498
"474" 0.027 0.02 0.032 0.0246876092092227
"475" 0.003 0.004 0.002 0.0011035374656243
"476" 0.19 0.183 0.176 0.218097279737917
"477" 0.035 0.042 0.045 0.0421062578276409
"478" 0.118 0.131 0.121 0.138270350542635
"479" 0.002 0.007 0.006 0.00201210919143624
"480" 0.045 0.048 0.036 0.0416032283337171
"481" 0.001 0 0.001 3.050357179879e-05
"482" 0.086 0.083 0.1 0.0999542111129459
"483" 0.006 0.004 0.012 0.00406297678117218
"484" 0.561 0.536 0.58 0.567849826923435
"485" 0.066 0.065 0.068 0.0701610860564944
"486" 0.01 0.011 0.012 0.0108114407439918
"487" 0.007 0.006 0.006 0.00478489193693743
"488" 0.036 0.028 0.04 0.0274667104739044
"489" 0.023 0.033 0.038 0.0269176494368292
"490" 0.021 0.025 0.021 0.0183319659958383
"491" 0.001 0 0 2.0591677983739e-05
"492" 0.001 0.004 0.007 0.000815289481062464
"493" 0.016 0.007 0.018 0.0114184769550033
"494" 0.009 0.006 0.009 0.00358583087044961
"495" 0 0 0 1.78172972306045e-05
"496" 0.001 0.001 0.006 0.000190805310927411
"497" 0.002 0.002 0.002 0.000911261242101391
"498" 0.666 0.647 0.647 0.634192555496446
"499" 0.044 0.043 0.052 0.0419711113256093
"500" 0.261 0.292 0.287 0.314244527343778
"501" 0 0 0 4.33876959013979e-05
"502" 0.177 0.176 0.202 0.204252701619201
"503" 0 0 0 3.46770991366263e-07
"504" 0.014 0.01 0.017 0.0124676304811334
"505" 0 0 0 9.04585406580338e-10
"506" 0.141 0.161 0.171 0.176986132715165
"507" 0.004 0.003 0.004 0.00254403102944789
"508" 0.008 0.004 0.01 0.0035370748627499
"509" 0.013 0.011 0.011 0.0126409930531
"510" 0.005 0.005 0.005 0.00384965201412768
"511" 0.021 0.019 0.031 0.0190680966472108
"512" 0.224 0.206 0.209 0.244588622587716
"513" 0.229 0.218 0.243 0.256462403827299
"514" 0.016 0.017 0.021 0.0117979275508994
"515" 0.254 0.23 0.262 0.273310555347507
"516" 0.003 0.002 0.003 0.00227061897991565
"517" 0.059 0.035 0.058 0.052223350113426
"518" 0.131 0.164 0.162 0.176663505349587
"519" 0.004 0.008 0.008 0.00316920270428711
"520" 0.02 0.013 0.021 0.0113564841706963
"521" 0.101 0.139 0.148 0.134969234457429
"522" 0.012 0.012 0.02 0.0126144405567438
"523" 0.003 0.002 0.004 0.00166944419728399
"524" 0 0 0 5.94578740353846e-07
"525" 0.142 0.134 0.148 0.156128593181618
"526" 0.021 0.036 0.036 0.0324310765470676
"527" 0 0 0 2.84079456402964e-07
"528" 0.2 0.221 0.218 0.26180946477298
"529" 0.025 0.032 0.029 0.030167692992768
"530" 0.045 0.043 0.057 0.0419631597761431
"531" 0.014 0.02 0.017 0.00953634532179781
"532" 0 0.001 0.004 0.00061506953956536
"533" 0 0 0 0.000709326435020086
"534" 0.16 0.185 0.197 0.199893667332497
"535" 0.003 0 0.004 0.00102563874359174
"536" 0.365 0.392 0.392 0.407562704510748
"537" 0.002 0.004 0.003 0.00118557312749257
"538" 0.06 0.059 0.072 0.0660356977860043
"539" 0.006 0.008 0.019 0.0104594266426186
"540" 0 0.005 0.008 0.00185081234013496
"541" 0.001 0 0 0.000117601526602229
"542" 0.001 0.007 0.006 0.00347050185471076
"543" 0.444 0.478 0.471 0.486769045228168
"544" 0.379 0.367 0.378 0.399390522662973
"545" 0 0 0.002 0.000440633075123542
"546" 0.01 0.015 0.015 0.00775572998841967
"547" 0 0 0.001 6.00183189981562e-05
"548" 0.373 0.406 0.4 0.418164472417908
"549" 0.057 0.062 0.059 0.0613532347998607
"550" 0.061 0.065 0.049 0.0599718712308237
"551" 0.023 0.018 0.026 0.0155015663617477
"552" 0.09 0.069 0.098 0.0900266497028445
"553" 0.031 0.03 0.045 0.0294026626841012
"554" 0.041 0.028 0.051 0.0367019434783624
"555" 0.073 0.048 0.075 0.0727937167813419
"556" 0.173 0.165 0.173 0.175891197175575
"557" 0 0 0.001 8.35834935297708e-06
"558" 0.239 0.23 0.236 0.259061647669522
"559" 0.057 0.054 0.064 0.0561906649053442
"560" 0.222 0.239 0.244 0.264431062160609
"561" 0.484 0.509 0.527 0.524759021365183
"562" 0.002 0.001 0.003 0.000475974366099363
"563" 0.003 0.001 0.001 0.000561585197608294
"564" 0.015 0.027 0.032 0.0224718280462727
"565" 0.166 0.163 0.174 0.201471763205572
"566" 0.016 0.019 0.02 0.0114647117584479
"567" 0.371 0.375 0.386 0.405440466514413
"568" 0.004 0.002 0.004 0.00265597672961426
"569" 0.007 0.002 0.01 0.00299373155316029
"570" 0.029 0.022 0.037 0.0262486957919263
"571" 0.022 0.021 0.026 0.0164814829309875
"572" 0.77 0.743 0.762 0.702542865361881
"573" 0.692 0.706 0.71 0.677823173366088
"574" 0 0 0 1.81622494821454e-11
"575" 0.012 0.011 0.013 0.00758191890910354
"576" 0.03 0.027 0.037 0.0234699505340572
"577" 0.057 0.052 0.05 0.0529584142856663
"578" 0.075 0.075 0.107 0.0934076601070712
"579" 0.171 0.179 0.179 0.213859267240293
"580" 0.017 0.017 0.024 0.017342209755921
"581" 0.406 0.386 0.409 0.411045642763362
"582" 0.011 0.011 0.014 0.00595308252344895
"583" 0.057 0.055 0.079 0.0635653917935157
"584" 0.024 0.025 0.038 0.0224388851123102
"585" 0.125 0.144 0.135 0.15750102832268
"586" 0.02 0.018 0.024 0.021174844052414
"587" 0.018 0.026 0.025 0.0198766852791796
"588" 0.228 0.211 0.239 0.240305154489332
"589" 0.008 0.007 0.007 0.00356822945596402
"590" 0.028 0.018 0.03 0.0191024939861407
"591" 0.087 0.075 0.058 0.0740347500456061
"592" 0.017 0.017 0.029 0.0156847673078609
"593" 0.022 0.02 0.027 0.0189612895968139
"594" 0.158 0.161 0.163 0.189555191014606
"595" 0 0 0 4.5650545232867e-08
"596" 0.013 0.009 0.018 0.0073562202436398
"597" 0 0 0.001 2.56411022381275e-06
"598" 0.006 0.008 0.011 0.00283253605875999
"599" 0.012 0.01 0.013 0.0085094699934164
"600" 0 0.001 0.001 0.000130991379840073
"601" 0.004 0.001 0.004 0.000851990264647551
"602" 0.003 0.003 0.002 0.00216215137007203
"603" 0.013 0.009 0.019 0.00910292805872359
"604" 0 0 0.001 2.23494333422281e-05
"605" 0 0 0 7.05989883220681e-08
"606" 0 0.001 0.003 0.000117391502796993
"607" 0.004 0.004 0.013 0.00383297683472217
"608" 0.006 0.007 0.017 0.00657334949255761
"609" 0.06 0.048 0.048 0.051270090553942
"610" 0.158 0.144 0.145 0.167521806890857
"611" 0.299 0.266 0.284 0.314362157165875
"612" 0.004 0.008 0.01 0.00569992759866234
"613" 0.611 0.62 0.685 0.63523588391294
"614" 0.193 0.201 0.216 0.223551842486064
"615" 0.05 0.051 0.076 0.0534718109967888
"616" 0.125 0.135 0.141 0.150861487481994
"617" 0.048 0.064 0.063 0.0576250838224803
"618" 0.049 0.052 0.047 0.0514392320939515
"619" 0.003 0.009 0.008 0.00415347361371998
"620" 0.008 0.011 0.011 0.00761667335020788
"621" 0.002 0 0.001 0.00010530881913251
"622" 0.355 0.311 0.344 0.37312232817711
"623" 0.071 0.095 0.078 0.0832872890603057
"624" 0.002 0 0.003 0.000248481588490113
"625" 0.138 0.148 0.135 0.157837674709475
"626" 0.295 0.298 0.3 0.324924226002735
"627" 0.002 0.002 0.005 0.00159352026044257
"628" 0.23 0.228 0.228 0.255016367846673
"629" 0.614 0.615 0.609 0.592745101230487
"630" 0.512 0.52 0.478 0.520412563169283
"631" 0.106 0.107 0.099 0.112816376606562
"632" 0.002 0.003 0.004 0.000522929971374708
"633" 0 0 0 3.32569226269008e-07
"634" 0.123 0.138 0.133 0.139560380685339
"635" 0.126 0.112 0.139 0.140445408014675
"636" 0.002 0.002 0.002 0.000887987771224563
"637" 0.014 0.01 0.016 0.0116087309762809
"638" 0.02 0.021 0.023 0.0156868718998647
"639" 0.09 0.13 0.102 0.119063162123776
"640" 0.273 0.282 0.257 0.306135841553107
"641" 0 0 0.001 9.43743337245007e-06
"642" 0 0 0 1.33298814430916e-07
"643" 0 0.001 0.001 8.05070057824375e-05
"644" 0.015 0.013 0.023 0.0127323190257425
"645" 0 0 0 3.19683036709151e-08
"646" 0.015 0.014 0.016 0.00932377754136238
"647" 0.001 0.001 0 0.000154284771770152
"648" 0.011 0.014 0.016 0.00914277762989069
"649" 0 0 0 8.16727704355813e-07
"650" 0.016 0.013 0.013 0.0100514230732012
"651" 0.448 0.461 0.477 0.488837658304776
"652" 0 0.004 0.002 0.000258061562088185
"653" 0.196 0.169 0.2 0.228734530811417
"654" 0 0 0.001 2.86211420361671e-05
"655" 0.296 0.282 0.287 0.326334145776606
"656" 0 0 0 4.62077613316847e-06
"657" 0.023 0.016 0.009 0.0152093921080046
"658" 0.069 0.067 0.085 0.0720303770896541
"659" 0.486 0.48 0.512 0.495575530022134
"660" 0.031 0.032 0.042 0.036344511827095
"661" 0.111 0.113 0.137 0.132155399864867
"662" 0 0 0.001 0.000115612490640737
"663" 0.058 0.053 0.054 0.0508644244548672
"664" 0 0 0 2.12136086474857e-10
"665" 0.012 0.014 0.016 0.00971175305513916
"666" 0.455 0.426 0.445 0.450940893141241
"667" 0.037 0.039 0.038 0.0306022135328512
"668" 0.042 0.037 0.038 0.0349411967227338
"669" 0.002 0.002 0.001 0.000378174965567801
"670" 0.235 0.228 0.246 0.249275685252861
"671" 0.017 0.013 0.016 0.0126031826125055
"672" 0.132 0.12 0.123 0.149867076099146
"673" 0.153 0.14 0.135 0.162815174092282
"674" 0 0 0 7.40267514243165e-06
"675" 0.012 0.012 0.013 0.00702429883250499
"676" 0.282 0.298 0.332 0.327010205055426
"677" 0.003 0.005 0.006 0.00130224636175869
"678" 0.002 0 0.001 0.000381538487498667
"679" 0.055 0.062 0.064 0.0724046247939948
"680" 0.001 0.001 0.005 0.000575555639441339
"681" 0.003 0.001 0.004 0.0012149854784067
"682" 0.014 0.013 0.02 0.00926108942007042
"683" 0.063 0.062 0.064 0.068750322286207
"684" 0.153 0.147 0.174 0.168155605949232
"685" 0.021 0.024 0.022 0.0161345770625471
"686" 0 0 0 2.31604729394874e-07
"687" 0.001 0.003 0.004 0.00032379137889349
"688" 0.001 0.002 0.007 0.000724900437627851
"689" 0.05 0.051 0.069 0.0622358635281095
"690" 0.027 0.028 0.052 0.0367671032412638
"691" 0.39 0.404 0.422 0.42488836563926
"692" 0 0 0 7.90342524759069e-07
"693" 0.041 0.052 0.051 0.0490140777089055
"694" 0 0 0 5.78241938844481e-05
"695" 0.04 0.056 0.049 0.051354409083389
"696" 0.027 0.021 0.025 0.0158771838263276
"697" 0.022 0.012 0.013 0.0104540405710509
"698" 0.001 0 0 5.37555533480782e-05
"699" 0.005 0.006 0.007 0.0025781688945401
"700" 0.002 0.004 0.005 0.00243672861573474
"701" 0.025 0.014 0.023 0.0132221042735484
"702" 0.153 0.152 0.134 0.166161812790249
"703" 0.511 0.513 0.529 0.521137386097089
"704" 0.003 0.003 0.005 0.00247264396786417
"705" 0.002 0 0.001 0.000119243151456949
"706" 0.036 0.031 0.03 0.0252930306608925
"707" 0.135 0.138 0.145 0.158762116471859
"708" 0.016 0.016 0.014 0.0111914001782903
"709" 0.037 0.041 0.034 0.0313502540492274
"710" 0.08 0.078 0.07 0.0890565632518069
"711" 0.142 0.129 0.135 0.149851408763815
"712" 0.24 0.23 0.261 0.276367042460584
"713" 0.055 0.049 0.059 0.046199498345883
"714" 0.055 0.058 0.077 0.0743154911810991
"715" 0.577 0.553 0.582 0.557189898946452
"716" 0.001 0.003 0.002 0.000360203459954689
"717" 0 0 0 1.87555355690705e-08
"718" 0.003 0.001 0.003 0.000756075236107323
"719" 0.104 0.114 0.126 0.132885764811035
"720" 0.046 0.058 0.048 0.0454093149576015
"721" 0.01 0.01 0.008 0.00511983346455014
"722" 0.005 0.001 0.001 0.00189483746508379
"723" 0 0 0.001 8.03596525345007e-06
"724" 0.034 0.022 0.023 0.0218693930740291
"725" 0 0.001 0.004 0.000561110278129329
"726" 0 0 0.004 0.000264512526149563
"727" 0 0.001 0 3.50618099306255e-05
"728" 0.742 0.721 0.76 0.697455319850024
"729" 0.028 0.021 0.032 0.0225678622859932
"730" 0.012 0.013 0.013 0.00722076447602227
"731" 0.065 0.074 0.056 0.0708381462537373
"732" 0 0 0 1.57108365874681e-05
"733" 0.009 0.005 0.01 0.00484465311341453
"734" 0.004 0.003 0.003 0.00123066953605178
"735" 0.019 0.01 0.019 0.00873234364444575
"736" 0.048 0.045 0.043 0.0448335392869491
"737" 0 0 0 4.57783023932734e-07
"738" 0.818 0.798 0.825 0.731466274248984
"739" 0.427 0.446 0.447 0.455210666969592
"740" 0 0 0 3.19373144223034e-05
"741" 0.009 0.009 0.015 0.00549716001844591
"742" 0 0.002 0.001 0.000246422912589028
"743" 0.002 0.002 0.008 0.00130815481636215
"744" 0.043 0.035 0.064 0.0407284304895104
"745" 0.012 0.011 0.024 0.0102259333509899
"746" 0.275 0.231 0.287 0.29664739153829
"747" 0.065 0.069 0.074 0.0712921991424225
"748" 0 0 0 1.22838410743231e-06
"749" 0.004 0.002 0.007 0.000893355785072991
"750" 0.009 0 0.008 0.00458696228697097
"751" 0 0.003 0.003 0.000310221956313916
"752" 0.008 0.007 0.014 0.00602218767974361
"753" 0.045 0.039 0.044 0.0429764287067439
"754" 0.051 0.069 0.077 0.0665684043873604
"755" 0.318 0.342 0.346 0.369600711616683
"756" 0.125 0.14 0.158 0.147079941465711
"757" 0.317 0.318 0.322 0.354552055711043
"758" 0.003 0.006 0.013 0.003462625920993
"759" 0.006 0.001 0.007 0.00177487106421881
"760" 0.002 0.004 0.009 0.0036247891238429
"761" 0 0 0 6.14219676231542e-07
"762" 0.026 0.025 0.034 0.021186697434161
"763" 0.192 0.18 0.195 0.226107869918826
"764" 0.016 0.022 0.027 0.0156334365074627
"765" 0.027 0.015 0.024 0.02038345635295
"766" 0 0 0 1.96312740619042e-07
"767" 0.004 0.002 0.003 0.00215996969570065
"768" 0.004 0.013 0.007 0.00664692628528629
"769" 0.004 0.005 0.001 0.00147528638159999
"770" 0.353 0.326 0.342 0.387555073604646
"771" 0.065 0.059 0.062 0.0613885714582783
"772" 0.052 0.043 0.059 0.0524208161984573
"773" 0 0 0 1.77236079101917e-05
"774" 0.013 0.01 0.012 0.00690581063342088
"775" 0.055 0.036 0.055 0.042750181843764
"776" 0 0 0.001 2.76756825302593e-05
"777" 0 0.001 0 0.00016378436685538
"778" 0.02 0.014 0.018 0.0131167627541455
"779" 0.006 0.012 0.016 0.0078578071625921
"780" 0.012 0.02 0.027 0.0164361939919581
"781" 0.208 0.204 0.212 0.240505668643077
"782" 0.001 0 0.001 0.000247164592284466
"783" 0 0 0 2.97548885574983e-06
"784" 0.053 0.053 0.048 0.0531892309390989
"785" 0.013 0.012 0.014 0.0108857451697495
"786" 0.004 0.005 0.004 0.00154575278910496
"787" 0.858 0.856 0.845 0.765068499732551
"788" 0.008 0.005 0.01 0.00186446224849679
"789" 0.05 0.039 0.054 0.0515521393108911
"790" 0.01 0.004 0.02 0.00632271920574312
"791" 0.002 0 0.007 0.0018335124827491
"792" 0.002 0.005 0.005 0.00165086474343457
"793" 0.277 0.298 0.276 0.319560962138779
"794" 0.086 0.084 0.094 0.0898111626587244
"795" 0.142 0.144 0.153 0.171449732028369
"796" 0.001 0.006 0.006 0.00226446105426503
"797" 0 0 0.001 3.17231972485343e-05
"798" 0 0 0.001 1.4957337435173e-05
"799" 0.063 0.062 0.064 0.0623979670932779
"800" 0 0 0.001 3.15148482865624e-08
"801" 0.018 0.026 0.033 0.022341264969012
"802" 0.002 0 0.006 0.00151043243024929
"803" 0.074 0.084 0.101 0.0907943913194527
"804" 0.682 0.68 0.728 0.655279413299003
"805" 0.013 0.008 0.018 0.0104464529572549
"806" 0.031 0.028 0.043 0.0315022223148576
"807" 0.034 0.033 0.033 0.0301925463090799
"808" 0.082 0.077 0.076 0.0824920540330913
"809" 0.077 0.069 0.083 0.0753472423775651
"810" 0.002 0.002 0.004 0.000638151255029529
"811" 0.012 0.011 0.007 0.00696968171405676
"812" 0.036 0.048 0.048 0.0549080971018485
"813" 0.074 0.082 0.087 0.0921011168243482
"814" 0.17 0.173 0.159 0.192804102078496
"815" 0.009 0.004 0.009 0.00557906970328004
"816" 0.018 0.014 0.018 0.011174888640049
"817" 0 0 0 1.62311396412207e-06
"818" 0.086 0.094 0.085 0.105446188261521
"819" 0.001 0.002 0.003 0.000555362814883442
"820" 0 0 0 2.27009530062716e-08
"821" 0.031 0.028 0.048 0.0333520764755871
"822" 0.055 0.053 0.064 0.0633587450233044
"823" 0.158 0.132 0.151 0.15993158608173
"824" 0.008 0.013 0.008 0.00707473799215863
"825" 0 0 0 1.02464322915274e-07
"826" 0.012 0.015 0.015 0.00859024322356816
"827" 0 0 0 4.51225445896597e-08
"828" 0.287 0.308 0.301 0.330924872920209
"829" 0.002 0.002 0.004 0.000709383233743699
"830" 0.218 0.227 0.199 0.248809230900584
"831" 0.072 0.071 0.086 0.0870964027889904
"832" 0.247 0.25 0.276 0.274973380654404
"833" 0.001 0 0 0.00025739570884753
"834" 0.002 0 0.004 0.000651253651329453
"835" 0.187 0.186 0.191 0.207584716921622
"836" 0.22 0.217 0.222 0.231193179769726
"837" 0.229 0.214 0.21 0.258092344243847
"838" 0.005 0.007 0.005 0.00418208578810719
"839" 0.013 0.013 0.006 0.00850930719121801
"840" 0 0 0.001 1.95524556989568e-07
"841" 0.049 0.048 0.043 0.0483938698202855
"842" 0.352 0.321 0.344 0.363236950819715
"843" 0.063 0.067 0.075 0.0655108889825792
"844" 0.021 0.021 0.026 0.0188460771763751
"845" 0.003 0 0.002 0.000382052131608579
"846" 0 0.001 0 0.000124520278453666
"847" 0.159 0.157 0.156 0.186460820445912
"848" 0.26 0.279 0.28 0.321946856943193
"849" 0.259 0.284 0.261 0.299981155856692
"850" 0.045 0.038 0.061 0.0456529533937449
"851" 0 0.001 0.002 0.000516385203702896
"852" 0 0 0 3.79446607656764e-06
"853" 0.002 0.003 0.006 0.00100983862613002
"854" 0.113 0.086 0.099 0.109165873970763
"855" 0 0 0 2.36688516563888e-08
"856" 0.006 0.004 0.013 0.00417528146654877
"857" 0 0 0.001 0.000169502857172876
"858" 0.009 0.013 0.012 0.0096630702339725
"859" 0.232 0.21 0.254 0.26693681342125
"860" 0.966 0.969 0.975 0.87825687209575
"861" 0.013 0.013 0.014 0.0127032142905603
"862" 0.035 0.028 0.038 0.0180908539674464
"863" 0 0 0.006 0.000653223069114195
"864" 0.077 0.087 0.078 0.0803554885010122
"865" 0.223 0.193 0.225 0.247688913949167
"866" 0.011 0.005 0.016 0.00640132343962807
"867" 0.307 0.3 0.316 0.333523020037876
"868" 0.024 0.022 0.034 0.0196597927677176
"869" 0.042 0.036 0.042 0.0347472816948365
"870" 0.282 0.267 0.321 0.316621853594171
"871" 0.003 0.002 0.007 0.0014883214605077
"872" 0.004 0.009 0.007 0.00515048864114631
"873" 0.009 0.012 0.016 0.00963555218118572
"874" 0 0.001 0 1.14096160408472e-07
"875" 0.012 0.008 0.019 0.00826791261540138
"876" 0 0 0 0.000146385729685061
"877" 0.024 0.032 0.032 0.0291875247169189
"878" 0.018 0.018 0.022 0.0168112730152642
"879" 0.098 0.099 0.104 0.105726432870975
"880" 0.001 0.001 0.002 0.000268069641930935
"881" 0.072 0.056 0.049 0.061441221253896
"882" 0.018 0.03 0.024 0.0203866923456946
"883" 0.011 0.012 0.008 0.0074028848165949
"884" 0.001 0.001 0.003 0.000149808912506932
"885" 0.03 0.027 0.024 0.0224295585429082
"886" 0 0 0 7.16655529697796e-06
"887" 0.001 0.002 0.005 0.00126169422012523
"888" 0.036 0.042 0.055 0.0388014860309688
"889" 0 0 0 9.36353977598614e-06
"890" 0 0 0.001 0.000252962679248903
"891" 0.003 0 0.002 0.000516585374786938
"892" 0.302 0.296 0.346 0.334041050037538
"893" 0.596 0.598 0.585 0.589434632933941
"894" 0.03 0.034 0.031 0.0230064791834146
"895" 0 0.005 0 0.000417645368212094
"896" 0.361 0.368 0.371 0.400812840952942
"897" 0 0 0 1.60633582771963e-05
"898" 0.057 0.065 0.07 0.0564493346809001
"899" 0.065 0.067 0.08 0.0775910724000128
"900" 0.1 0.11 0.115 0.108349413481383
"901" 0.04 0.042 0.043 0.0352806009256372
"902" 0.536 0.596 0.568 0.557737345064158
"903" 0 0 0 1.95780532065148e-05
"904" 0.022 0.02 0.014 0.0129313277508444
"905" 0.089 0.086 0.094 0.0995044066074039
"906" 0.003 0.005 0.005 0.00116994435019857
"907" 0.285 0.287 0.281 0.324713075913075
"908" 0 0 0 6.00383427631357e-05
"909" 0.005 0.004 0.007 0.0015691878134898
"910" 0.012 0.009 0.007 0.00600299910988544
"911" 0.026 0.021 0.047 0.0309381197517204
"912" 0.006 0.011 0.013 0.00663312343451805
"913" 0.251 0.221 0.247 0.272332553540247
"914" 0.044 0.035 0.059 0.0427608086500826
"915" 0.087 0.074 0.083 0.087935054602823
"916" 0.015 0.013 0.011 0.0107776431901545
"917" 0.003 0.004 0.005 0.000963832369160089
"918" 0.001 0 0 4.02790577225254e-07
"919" 0.059 0.054 0.072 0.0632161992092282
"920" 0.009 0.01 0.015 0.00658113665372562
"921" 0 0 0.004 0.00023063016001712
"922" 0.075 0.055 0.059 0.0612142268517949
"923" 0.008 0.011 0.018 0.0058974947849596
"924" 0 0 0 1.67610000323393e-08
"925" 0 0 0 1.05491744961661e-06
"926" 0.142 0.134 0.148 0.158540737045845
"927" 0.792 0.779 0.793 0.748953463517835
"928" 0.034 0.031 0.043 0.0320770757605781
"929" 0.045 0.044 0.046 0.0416329866425973
"930" 0.139 0.102 0.116 0.124488915202713
"931" 0.008 0.003 0.013 0.00491268829688185
"932" 0.049 0.063 0.064 0.0549042473127485
"933" 0.091 0.108 0.117 0.117634340999842
"934" 0.043 0.042 0.052 0.035042790578628
"935" 0.473 0.457 0.477 0.480369731958225
"936" 0 0 0 0.000121063806032273
"937" 0 0.001 0 2.45121423646522e-05
"938" 0.125 0.147 0.152 0.17166691600354
"939" 0 0 0 9.11026481054122e-06
"940" 0 0 0 2.30916525634228e-06
"941" 0.094 0.11 0.123 0.115221320293203
"942" 0.114 0.111 0.116 0.124653793456245
"943" 0.001 0 0.002 0.000669109435274651
"944" 0.047 0.029 0.034 0.0371196569220098
"945" 0.002 0.001 0.002 0.000756442621874687
"946" 0.027 0.043 0.04 0.0317848282016107
"947" 0 0.003 0.005 0.00092476839571265
"948" 0.018 0.011 0.021 0.0128236285346496
"949" 0.331 0.306 0.336 0.359258832267519
"950" 0.046 0.058 0.051 0.0567513873754005
"951" 0.033 0.035 0.036 0.0283433090423544
"952" 0.005 0.005 0.009 0.0028367341147395
"953" 0.775 0.779 0.797 0.708802124964394
"954" 0.166 0.13 0.151 0.168232066109353
"955" 0.02 0.029 0.017 0.0242604734700007
"956" 0.131 0.14 0.124 0.142701230409872
"957" 0.124 0.13 0.135 0.145601140305412
"958" 0.421 0.447 0.413 0.454083337364046
"959" 0.074 0.069 0.067 0.0733992018277435
"960" 0.064 0.058 0.068 0.0668631898503143
"961" 0.005 0.012 0.012 0.00556145117926099
"962" 0.001 0.001 0 9.65347215842183e-06
"963" 0 0.002 0.003 0.00134599292218263
"964" 0.007 0.009 0.009 0.00515896300869212
"965" 0.002 0.005 0.007 0.00231425854164469
"966" 0 0.001 0.001 9.26083366135089e-05
"967" 0.031 0.037 0.034 0.0258745512225775
"968" 0.126 0.155 0.148 0.166152467446393
"969" 0.019 0.014 0.01 0.0139252298781094
"970" 0.064 0.06 0.057 0.066024305856624
"971" 0 0 0 9.65761407922816e-06
"972" 0.089 0.082 0.087 0.0872754884372172
"973" 0.006 0.012 0.01 0.00541040568119167
"974" 0.054 0.045 0.077 0.0561775907766028
"975" 0 0.001 0 2.57145609287024e-05
"976" 0.086 0.088 0.08 0.0879015929364028
"977" 0.002 0 0.003 0.00041994578506499
"978" 0.019 0.015 0.017 0.0161715314567796
"979" 0.004 0.002 0.011 0.00327384933249975
"980" 0.001 0.001 0.001 0.000593016837863169
"981" 0.013 0.014 0.018 0.0109507716344953
"982" 0.747 0.787 0.748 0.704273286510645
"983" 0 0 0.001 2.44324216220893e-05
"984" 0.005 0.009 0.014 0.00477160154393286
"985" 0 0 0 5.33259801046571e-05
"986" 0.038 0.044 0.065 0.0495274065621191
"987" 0.007 0.01 0.017 0.00805084613633977
"988" 0.103 0.099 0.102 0.101906256684609
"989" 0.001 0 0.001 0.00033070421145287
"990" 0.13 0.144 0.138 0.13955004728212
"991" 0.263 0.252 0.28 0.307491328780891
"992" 0.017 0.014 0.016 0.0123417700364472
"993" 0.025 0.024 0.037 0.0248691927799364
"994" 0.009 0.013 0.021 0.0112785059943246
"995" 0.351 0.347 0.371 0.401946709569634
"996" 0.024 0.018 0.031 0.0217821432483514
"997" 0.025 0.014 0.019 0.0140381772934834
"998" 0.095 0.085 0.095 0.082984785028533
"999" 0.038 0.041 0.039 0.0369664544467203
"1000" 0.176 0.158 0.173 0.185783963055676
