"A" "B" "P" "BT"
"1" 0.015 0.01 0.014 0.00777761326364967
"2" 0.043 0.032 0.038 0.0391368306531245
"3" 0.128 0.135 0.127 0.159598919247235
"4" 0.001 0.002 0.005 0.00140183935990323
"5" 0.008 0.005 0.008 0.00372746723391615
"6" 0 0 0 6.11132566774586e-09
"7" 0.008 0.002 0.004 0.0022779739228983
"8" 0.012 0.011 0.008 0.00832970781362685
"9" 0.068 0.076 0.081 0.0833760998749885
"10" 0.004 0.003 0.007 0.00155976124995227
"11" 0.011 0.002 0.011 0.00704915548543039
"12" 0.032 0.043 0.048 0.0295701106972698
"13" 0.018 0.012 0.021 0.0107435214684699
"14" 0.003 0.003 0.011 0.00302512728537896
"15" 0 0 0 8.60422844084496e-14
"16" 0.002 0.008 0.009 0.00428236334818777
"17" 0.003 0.005 0.008 0.00154223415410659
"18" 0.049 0.048 0.061 0.0462793052019883
"19" 0 0 0 4.81116362947009e-05
"20" 0.001 0 0.004 0.000556797123715813
"21" 0.039 0.035 0.034 0.0298799411573497
"22" 0.368 0.378 0.378 0.417188253553898
"23" 0.003 0.005 0.006 0.0020742973279575
"24" 0.012 0.012 0.018 0.0131875163777596
"25" 0.002 0.003 0.004 0.000480356246457703
"26" 0.023 0.021 0.015 0.0133482057128949
"27" 0 0 0.001 6.66136915529192e-05
"28" 0.007 0.007 0.014 0.00648106009947846
"29" 0.059 0.06 0.051 0.054080758502385
"30" 0.015 0.012 0.015 0.0121240687364604
"31" 0.025 0.027 0.026 0.0211741565408
"32" 0.192 0.19 0.196 0.19061779773704
"33" 0.001 0 0.003 0.000148135830593032
"34" 0.002 0.001 0.001 0.000289903938339831
"35" 0.041 0.059 0.052 0.0530347238757531
"36" 0.061 0.067 0.057 0.0631550730211246
"37" 0.103 0.134 0.143 0.132269944818761
"38" 0 0 0 1.44073939556399e-06
"39" 0.082 0.101 0.086 0.0929519454346892
"40" 0.017 0.014 0.013 0.00842762177951029
"41" 0.009 0.009 0.014 0.00619122335650968
"42" 0 0 0 4.90768004379749e-06
"43" 0.007 0.004 0.009 0.00486680378876714
"44" 0.004 0.008 0.007 0.0043173365207666
"45" 0.001 0.001 0.001 0.000175794344854152
"46" 0 0 0 1.41071918591251e-08
"47" 0.028 0.036 0.03 0.0251541286513337
"48" 0.345 0.348 0.384 0.395223746366645
"49" 0.006 0.006 0.005 0.00118352258628485
"50" 0.001 0.003 0.007 0.00091681072473393
"51" 0.005 0.003 0.003 0.00255365718463796
"52" 0.001 0 0.002 0.00039746033216248
"53" 0.004 0.006 0.017 0.00455645513913827
"54" 0.016 0.024 0.032 0.0177478428959815
"55" 0.004 0.003 0.006 0.00211024963493012
"56" 0.002 0.003 0.004 0.00285951604316592
"57" 0.726 0.705 0.724 0.662617533192056
"58" 0 0 0 1.23727282957953e-05
"59" 0.006 0.002 0.006 0.00324079977858793
"60" 0 0.001 0 0.000298198736439548
"61" 0.004 0.003 0.003 0.000845141620672507
"62" 0 0 0 5.77320042993712e-07
"63" 0.006 0.014 0.022 0.00663990429657924
"64" 0.006 0.005 0.009 0.0051050139614387
"65" 0.005 0.003 0.009 0.00166366433573373
"66" 0.104 0.094 0.102 0.109701331220595
"67" 0.005 0.002 0.004 0.00142061879459343
"68" 0.017 0.011 0.022 0.0134752992149123
"69" 0.006 0.005 0.014 0.00536970621632371
"70" 0.118 0.117 0.112 0.126080567801215
"71" 0.001 0.002 0.002 0.00037195549332214
"72" 0.001 0.002 0.004 0.000496531229852382
"73" 0.012 0.007 0.016 0.00729227245366737
"74" 0 0 0.002 0.000132264406476068
"75" 0 0 0 1.96994776047177e-08
"76" 0.01 0.011 0.013 0.00579888969671172
"77" 0 0.001 0.002 0.000237204552093639
"78" 0 0 0 1.88134734147027e-06
"79" 0.018 0.016 0.016 0.00933200179760152
"80" 0.096 0.074 0.082 0.096379464967291
"81" 0.002 0.005 0.002 0.000916004497390377
"82" 0.004 0.007 0.012 0.00288888563266509
"83" 0.146 0.139 0.151 0.169074032124768
"84" 0.097 0.109 0.11 0.107077607579843
"85" 0.117 0.104 0.093 0.113949844114571
"86" 0.036 0.036 0.04 0.0299211752790602
"87" 0.013 0.018 0.018 0.0136292122257989
"88" 0.008 0.007 0.011 0.00535785259030919
"89" 0.034 0.03 0.038 0.032634400900691
"90" 0.023 0.022 0.02 0.0179704491863018
"91" 0.001 0 0.001 0.000324160558308972
"92" 0.001 0.002 0.001 0.000608222074393261
"93" 0.025 0.033 0.056 0.0342952689950546
"94" 0 0.003 0.006 0.00219219417223149
"95" 0.006 0.013 0.009 0.00387943599796237
"96" 0.015 0.012 0.005 0.00686467223034437
"97" 0 0 0 7.87237801502805e-07
"98" 0.008 0.009 0.011 0.00563032260315977
"99" 0.001 0.001 0 0.000436460939781891
"100" 0.508 0.511 0.514 0.529009919319483
"101" 0.005 0.005 0.011 0.0054807465964104
"102" 0.04 0.048 0.054 0.0412168063487907
"103" 0 0.001 0 2.603777909016e-05
"104" 0.022 0.013 0.018 0.0104822847037687
"105" 0.019 0.016 0.023 0.0129578022924751
"106" 0.002 0 0.003 0.000586528385482454
"107" 0.017 0.015 0.022 0.0197660003338755
"108" 0.023 0.025 0.032 0.0205376639698925
"109" 0 0.001 0.001 0.000137198960581841
"110" 0.033 0.034 0.036 0.0290119611714494
"111" 0.165 0.17 0.162 0.18155009802639
"112" 0 0 0 2.67792288344282e-09
"113" 0.016 0.014 0.014 0.0134020095079044
"114" 0.001 0.002 0.005 0.000911058026077272
"115" 0.011 0.009 0.023 0.0076446458613838
"116" 0 0 0.002 0.000287919787806068
"117" 0 0 0.001 0.000146638872297489
"118" 0.118 0.127 0.14 0.143231793464569
"119" 0.188 0.184 0.195 0.210640267743986
"120" 0.048 0.053 0.059 0.0447093654860529
"121" 0 0 0.002 2.93303598559724e-05
"122" 0 0 0 1.9801340567227e-08
"123" 0.05 0.06 0.046 0.048095575484514
"124" 0.014 0.019 0.024 0.0168756340571714
"125" 0.001 0.002 0.006 0.000976033092860762
"126" 0 0 0.001 0.000145535944114372
"127" 0.114 0.089 0.115 0.111838636556027
"128" 0.06 0.051 0.065 0.0541749625963917
"129" 0.216 0.196 0.216 0.22611025886123
"130" 0 0 0 3.40426557779994e-05
"131" 0 0 0 4.40720480665568e-07
"132" 0.003 0.002 0.006 0.000983388132133833
"133" 0 0.001 0 6.27401722186338e-06
"134" 0.001 0.002 0.003 0.000772199716392863
"135" 0 0 0 1.44705278981583e-07
"136" 0 0 0 1.79480459772119e-06
"137" 0.001 0.002 0.004 0.00040861467662312
"138" 0.001 0 0.001 5.58698335573204e-06
"139" 0.004 0.002 0 0.000596157238336059
"140" 0.002 0.005 0.007 0.0032747622219591
"141" 0.001 0.002 0.002 0.000502102807421356
"142" 0.001 0 0 2.81137241781027e-05
"143" 0.004 0.005 0.004 0.00241550375889044
"144" 0.006 0.007 0.018 0.00579075820611541
"145" 0.001 0.001 0.001 0.000182483268812761
"146" 0.115 0.129 0.147 0.142728638208592
"147" 0.003 0.001 0.004 0.000453864952898009
"148" 0.522 0.488 0.473 0.50370744123213
"149" 0.01 0.011 0.013 0.00725496874048104
"150" 0.003 0.002 0.009 0.0018201457533662
"151" 0.095 0.073 0.087 0.0838442199986962
"152" 0.092 0.098 0.118 0.105118035681001
"153" 0.006 0.001 0.011 0.00309079785232869
"154" 0.023 0.025 0.035 0.0221936729343289
"155" 0.019 0.024 0.035 0.0231616161368915
"156" 0.006 0.005 0.006 0.00283299348201316
"157" 0.004 0.006 0.005 0.00319771044144557
"158" 0.001 0 0.003 0.000156700008288269
"159" 0.077 0.052 0.069 0.0616958237465193
"160" 0.073 0.099 0.091 0.109222488127454
"161" 0.155 0.167 0.158 0.172566797916106
"162" 0.028 0.022 0.021 0.0203378511036063
"163" 0.421 0.398 0.372 0.440697582269432
"164" 0.012 0.008 0.013 0.00795936656450669
"165" 0 0 0 0.000108836877750429
"166" 0.011 0.009 0.02 0.00633256253552961
"167" 0 0 0 4.26403880426918e-07
"168" 0.021 0.012 0.018 0.0166769232065263
"169" 0.004 0.002 0.005 0.0015583654752801
"170" 0 0 0.002 6.22217228429811e-06
"171" 0.009 0.011 0.015 0.00537736943461409
"172" 0.372 0.375 0.391 0.414579494537938
"173" 0.007 0.007 0.005 0.00515167356082691
"174" 0.186 0.18 0.166 0.204729559093306
"175" 0.001 0 0.001 5.21635480615901e-05
"176" 0.094 0.076 0.085 0.0877772369518256
"177" 0.004 0.007 0.003 0.00242729800947916
"178" 0 0 0 1.33778092894499e-05
"179" 0.084 0.079 0.094 0.107490395748742
"180" 0.027 0.027 0.027 0.0215724433821569
"181" 0.086 0.072 0.085 0.0878751335006702
"182" 0.003 0.005 0.01 0.00295297636906589
"183" 0.364 0.356 0.362 0.394301767217956
"184" 0.092 0.087 0.099 0.115588000830481
"185" 0.335 0.344 0.337 0.363158077421264
"186" 0 0 0 3.06963890051026e-05
"187" 0.002 0 0.003 0.000424445585094246
"188" 0 0.001 0 8.30777595051124e-07
"189" 0.072 0.081 0.078 0.074556171350852
"190" 0.018 0.008 0.014 0.0087831817198416
"191" 0.001 0.001 0 0.000104499726907514
"192" 0.019 0.019 0.019 0.014864779390545
"193" 0.012 0.013 0.013 0.00793401227566781
"194" 0.099 0.106 0.118 0.121102256803479
"195" 0 0.001 0.005 0.000701516375484434
"196" 0.003 0 0.001 0.000143687637794931
"197" 0.006 0.004 0.005 0.00227915308226811
"198" 0.01 0.013 0.02 0.00722530786369369
"199" 0.077 0.08 0.092 0.0879145699172064
"200" 0.024 0.032 0.024 0.0189869075612974
"201" 0.013 0.008 0.016 0.00567067254092302
"202" 0.005 0.005 0.002 0.0020253352215106
"203" 0.006 0.007 0.014 0.00489820795714324
"204" 0.047 0.054 0.05 0.0589855492490212
"205" 0.016 0.022 0.026 0.0161473653614069
"206" 0.257 0.278 0.258 0.287061280448395
"207" 0.02 0.017 0.022 0.0149166821301161
"208" 0.002 0.004 0.004 0.00132514098260217
"209" 0.014 0.014 0.014 0.0077326273485786
"210" 0.026 0.023 0.025 0.0226654401629414
"211" 0.676 0.665 0.702 0.665097459744281
"212" 0.022 0.026 0.024 0.0194574443796763
"213" 0 0 0.001 0.00042871156531088
"214" 0.007 0.009 0.01 0.00588553050915963
"215" 0.001 0.01 0.001 0.00211780719106403
"216" 0.005 0.008 0.012 0.00331822213224708
"217" 0.004 0.003 0.008 0.00220304328886967
"218" 0.005 0.005 0.009 0.00293043250535518
"219" 0.018 0.016 0.027 0.0156325265885933
"220" 0.014 0.021 0.017 0.0112300520651776
"221" 0.028 0.031 0.037 0.0325730076022954
"222" 0.094 0.075 0.103 0.0976451570013808
"223" 0.005 0.011 0.018 0.00552164462182925
"224" 0 0 0 2.37861930152405e-09
"225" 0.094 0.089 0.093 0.102930540801953
"226" 0 0 0 5.66705242177612e-06
"227" 0.002 0.002 0.002 0.000328878092535234
"228" 0 0 0 7.63232537259739e-06
"229" 0.005 0.005 0.006 0.00262052003649793
"230" 0.003 0.001 0.005 0.00145874061003692
"231" 0.003 0.006 0.007 0.0017460159726097
"232" 0.009 0.006 0.018 0.00477247631214961
"233" 0 0.001 0.002 4.49500352697196e-05
"234" 0.003 0.011 0.018 0.00634118436603759
"235" 0.106 0.105 0.132 0.111162844495732
"236" 0.024 0.034 0.03 0.0258901784251082
"237" 0 0 0 1.11052745555007e-05
"238" 0.001 0 0 6.29030339314163e-05
"239" 0.007 0.014 0.013 0.0135850128903402
"240" 0.145 0.153 0.15 0.165763993887005
"241" 0.003 0.003 0 0.00039848735737158
"242" 0.053 0.062 0.065 0.0600832096712389
"243" 0 0.001 0.001 8.73800874688913e-05
"244" 0.002 0.006 0.006 0.00297043431923238
"245" 0.14 0.134 0.113 0.152095587188896
"246" 0.09 0.084 0.1 0.10292414339743
"247" 0.008 0.013 0.015 0.00740137072672087
"248" 0.014 0.014 0.024 0.00955978440023231
"249" 0.005 0.002 0.007 0.00187424889610921
"250" 0 0 0 8.9794319896308e-06
"251" 0 0 0 0.000208529723474737
"252" 0 0 0.001 2.55001553417511e-06
"253" 0.038 0.042 0.039 0.0419300030777601
"254" 0 0 0 6.69603306135969e-09
"255" 0.005 0 0 0.00012278153707268
"256" 0.104 0.091 0.099 0.104951874284222
"257" 0.015 0.012 0.019 0.0113995230212585
"258" 0.017 0.017 0.023 0.0147460392893212
"259" 0.001 0.005 0.007 0.00199248255830209
"260" 0.469 0.477 0.503 0.496361304517021
"261" 0.037 0.032 0.02 0.0247038275834596
"262" 0.089 0.097 0.091 0.0952164461059095
"263" 0.003 0.001 0.004 0.000675434532783514
"264" 0 0 0 3.90486959434e-08
"265" 0 0 0 4.04264703860457e-05
"266" 0.484 0.469 0.451 0.477532059243048
"267" 0.298 0.311 0.309 0.348007504311671
"268" 0.012 0.019 0.031 0.0156631753379962
"269" 0.17 0.186 0.169 0.203247440726494
"270" 0 0 0 7.85681545378836e-08
"271" 0.027 0.017 0.02 0.0171450774200563
"272" 0.009 0.011 0.012 0.00483777765124116
"273" 0.085 0.072 0.07 0.0809614573975314
"274" 0.009 0.006 0.017 0.00686024270780039
"275" 0.002 0.002 0.004 0.00040449303465806
"276" 0.646 0.648 0.672 0.633925693485009
"277" 0.008 0.004 0.005 0.00154641685328649
"278" 0.002 0.001 0.001 0.000149142268292879
"279" 0.001 0.002 0 0.000119859031390335
"280" 0.035 0.05 0.037 0.0455481665302429
"281" 0 0 0 6.6003335660425e-05
"282" 0.075 0.075 0.077 0.087704960299833
"283" 0 0.001 0.001 0.00011540272715227
"284" 0 0 0.001 3.88280795354801e-05
"285" 0.007 0.006 0.007 0.00468666202776669
"286" 0.001 0.002 0.001 0.000201913588724012
"287" 0.677 0.697 0.7 0.644622456451056
"288" 0.012 0.014 0.015 0.00942055884592419
"289" 0.151 0.159 0.155 0.175277532831736
"290" 0.013 0.008 0.013 0.00691753945659523
"291" 0.093 0.107 0.11 0.112937072794247
"292" 0.605 0.624 0.599 0.596927020873908
"293" 0 0 0 2.0332816151214e-05
"294" 0.001 0.002 0.004 0.00118443315235983
"295" 0 0.001 0.004 0.0001859281904385
"296" 0.006 0.001 0.004 0.00137057600871127
"297" 0.001 0 0.001 4.02553660469041e-05
"298" 0.044 0.046 0.048 0.0453050362094676
"299" 0 0 0 9.42245678148268e-07
"300" 0.003 0.003 0.003 0.000450057913396029
"301" 0 0 0 1.12577733013541e-06
"302" 0.148 0.172 0.15 0.181306609506423
"303" 0.055 0.056 0.056 0.0571604901638864
"304" 0 0 0.001 7.31774658883078e-05
"305" 0.023 0.024 0.025 0.0220956822687389
"306" 0 0 0.001 6.18354853081371e-05
"307" 0 0 0.001 6.796796710129e-05
"308" 0.096 0.087 0.078 0.0917629132727611
"309" 0.01 0.007 0.01 0.00884171610971085
"310" 0.261 0.247 0.275 0.278180523728727
"311" 0.015 0.012 0.017 0.00983664511876625
"312" 0.001 0 0 0.000296371524950323
"313" 0.004 0.001 0.004 0.000703399191538834
"314" 0.034 0.032 0.027 0.0245700608701859
"315" 0 0.002 0.005 0.00041635303417531
"316" 0 0 0.002 6.80217313290266e-05
"317" 0.007 0.013 0.016 0.00644441866750456
"318" 0.004 0.007 0.01 0.00285635994400335
"319" 0.026 0.031 0.041 0.0269956257618649
"320" 0.031 0.02 0.028 0.02620106766192
"321" 0.012 0.008 0.015 0.00871260606568991
"322" 0.004 0.001 0.003 0.00157407795580289
"323" 0.006 0.005 0.006 0.00136434490303738
"324" 0.008 0.011 0.01 0.00593097924826147
"325" 0.008 0.005 0.014 0.00292895503057611
"326" 0 0 0 1.4122036873232e-13
"327" 0.009 0.01 0.008 0.00529133759688083
"328" 0.008 0.006 0.005 0.00593410771026848
"329" 0.053 0.053 0.052 0.0490752415601783
"330" 0.005 0.009 0.008 0.00442140416639203
"331" 0.016 0.016 0.014 0.0109406205759853
"332" 0.005 0.002 0.004 0.000460289339569986
"333" 0.003 0.001 0.002 0.000616180636080266
"334" 0.001 0 0 5.96607821246042e-06
"335" 0.004 0.012 0.013 0.00516575953293508
"336" 0 0 0 3.3970517865356e-07
"337" 0 0 0 2.70617972586429e-07
"338" 0.038 0.039 0.035 0.0421525453343405
"339" 0.159 0.158 0.162 0.19122899092516
"340" 0 0.001 0.001 7.69123771586777e-05
"341" 0.069 0.078 0.082 0.0839970882470604
"342" 0.057 0.055 0.074 0.0628983216832655
"343" 0 0 0 1.80585972524572e-05
"344" 0.002 0.002 0.003 0.00056069960110483
"345" 0.049 0.051 0.061 0.0529139067565232
"346" 0.002 0.001 0.001 0.000556894221033111
"347" 0.057 0.062 0.043 0.0573856858464762
"348" 0 0 0.001 5.08161481214131e-05
"349" 0.121 0.106 0.121 0.13654728619786
"350" 0 0.002 0.011 0.00251211288562248
"351" 0.017 0.018 0.019 0.0135662858524914
"352" 0.01 0.009 0.01 0.00991155911167452
"353" 0.018 0.015 0.022 0.0176549028342832
"354" 0 0 0 5.50141169795015e-05
"355" 0.021 0.014 0.019 0.0106066439251272
"356" 0.002 0.001 0.002 0.000387642119220377
"357" 0 0.002 0.004 0.000445437854193487
"358" 0.51 0.531 0.539 0.524369151132337
"359" 0.453 0.458 0.474 0.49192437007108
"360" 0.131 0.104 0.124 0.14125416978704
"361" 0.063 0.077 0.073 0.0673629908223556
"362" 0.002 0.002 0.001 0.000920984172999795
"363" 0 0 0 8.83873723633855e-06
"364" 0.011 0.01 0.006 0.00531848978824534
"365" 0.002 0.008 0.015 0.00703960202097809
"366" 0 0 0 3.10760114308195e-08
"367" 0.027 0.019 0.031 0.0222699220281208
"368" 0.034 0.036 0.036 0.028070571402672
"369" 0.002 0.012 0.005 0.00496599438893452
"370" 0.001 0.001 0.001 0.000279366706148365
"371" 0 0 0 2.25179861498281e-05
"372" 0.009 0.011 0.015 0.00341655719534284
"373" 0.086 0.104 0.097 0.104129052064731
"374" 0.064 0.066 0.044 0.0587105331997181
"375" 0.035 0.044 0.045 0.040544098734833
"376" 0 0 0 3.91549950240488e-07
"377" 0 0 0 1.81583790770379e-06
"378" 0.001 0 0.002 0.000144631360457947
"379" 0.001 0.007 0.007 0.00181706631861289
"380" 0.005 0.012 0.012 0.00651742326057347
"381" 0.003 0.004 0.002 0.000786571554116433
"382" 0 0 0 1.41936795461373e-05
"383" 0 0 0 3.70610965846341e-05
"384" 0.019 0.018 0.015 0.0147699532347909
"385" 0.004 0.006 0.008 0.00501448789317605
"386" 0.094 0.1 0.089 0.108604705113481
"387" 0 0 0 1.54019406117811e-08
"388" 0.083 0.095 0.1 0.100222638389302
"389" 0.017 0.01 0.025 0.0104640929537043
"390" 0 0 0 2.3555133391584e-06
"391" 0.034 0.042 0.041 0.0317124539535097
"392" 0 0 0 8.68755938299159e-08
"393" 0.075 0.065 0.088 0.0767572324194261
"394" 0 0.001 0.002 0.000402104685095384
"395" 0 0 0.001 3.5143037759866e-06
"396" 0.062 0.053 0.049 0.0477697581262406
"397" 0.556 0.547 0.574 0.556809072956474
"398" 0 0 0 5.42963534505558e-05
"399" 0 0.001 0 1.71436722177232e-05
"400" 0.009 0.012 0.014 0.00706946396820807
"401" 0.001 0 0 1.09492501055852e-05
"402" 0.356 0.346 0.386 0.397108731428504
"403" 0.345 0.339 0.342 0.372026270791864
"404" 0.001 0.001 0.005 0.000391552896696457
"405" 0.014 0.009 0.02 0.0080790904233905
"406" 0.035 0.042 0.041 0.0347538296568435
"407" 0.098 0.101 0.115 0.115131557349968
"408" 0 0 0.001 9.26549171031965e-06
"409" 0 0 0 5.11894421495462e-06
"410" 0.024 0.016 0.029 0.0156440934825223
"411" 0 0.003 0.002 0.000403885764012291
"412" 0.005 0.004 0.005 0.00141443303319444
"413" 0.006 0.002 0.003 0.00084789467561186
"414" 0.007 0.006 0.008 0.00327637792420465
"415" 0.404 0.383 0.397 0.424992702927597
"416" 0.01 0.003 0.009 0.00409402670661352
"417" 0.001 0 0 1.64244782425715e-05
"418" 0.011 0.011 0.01 0.00670232386955283
"419" 0 0 0 2.94209101525666e-14
"420" 0.047 0.038 0.041 0.0395217315152401
"421" 0.015 0.017 0.022 0.0136120068872269
"422" 0 0 0 5.79484992246915e-06
"423" 0.001 0.001 0.005 0.00065196726054173
"424" 0 0 0 3.57959879604408e-06
"425" 0.096 0.073 0.096 0.103127760583466
"426" 0 0 0 5.48300192027007e-07
"427" 0.002 0.004 0.007 0.00308623715651635
"428" 0 0 0 2.29501663706611e-06
"429" 0.003 0 0.002 0.0012898078539908
"430" 0.018 0.016 0.009 0.00949662837766574
"431" 0.006 0.003 0.004 0.00283226717125384
"432" 0.004 0.004 0.015 0.00426695710641189
"433" 0 0.001 0.005 0.000900867966257879
"434" 0.044 0.038 0.031 0.036378419520761
"435" 0 0 0.002 0.000158410329350711
"436" 0.007 0.01 0.006 0.00490335948535425
"437" 0.001 0 0 1.9627229890129e-05
"438" 0.095 0.102 0.085 0.0998577636639725
"439" 0.001 0.004 0.001 0.000773340376372889
"440" 0.071 0.064 0.075 0.0771042734192222
"441" 0.482 0.504 0.498 0.503794730341694
"442" 0.249 0.228 0.23 0.263724592273578
"443" 0 0 0 1.91743252719867e-07
"444" 0.046 0.057 0.052 0.0441578043355786
"445" 0.248 0.253 0.281 0.285900403501669
"446" 0.084 0.107 0.125 0.118841792976418
"447" 0.042 0.034 0.056 0.0434762421975879
"448" 0 0 0 7.04883222746311e-06
"449" 0.003 0.002 0.004 0.00144414440844887
"450" 0.004 0.009 0.014 0.00414598261700705
"451" 0 0 0 4.70180359993799e-05
"452" 0.003 0.007 0.018 0.00557887632168097
"453" 0.027 0.018 0.023 0.0199439237390918
"454" 0.034 0.03 0.023 0.032045060459994
"455" 0.026 0.025 0.031 0.0213253878749106
"456" 0.01 0.01 0.007 0.00575049967855312
"457" 0.001 0 0 3.20675638953993e-06
"458" 0.021 0.021 0.023 0.0163380227041982
"459" 0.017 0.016 0.016 0.007585322044112
"460" 0.207 0.16 0.196 0.215914812633073
"461" 0.019 0.026 0.032 0.0231064373343036
"462" 0.005 0.009 0.008 0.00560643984473042
"463" 0.048 0.037 0.047 0.0401854027015748
"464" 0.009 0.011 0.018 0.00781752155078819
"465" 0.051 0.049 0.058 0.0549566352513536
"466" 0.035 0.026 0.044 0.0281132453029048
"467" 0 0 0.002 4.61307194111749e-05
"468" 0.014 0.03 0.023 0.0204589046593252
"469" 0 0 0 6.05498195005438e-06
"470" 0.021 0.031 0.029 0.0224831360009784
"471" 0.015 0.016 0.015 0.0152946982654547
"472" 0 0 0.003 0.000167134515174805
"473" 0.309 0.3 0.318 0.336813016783189
"474" 0 0 0 2.71808815455188e-08
"475" 0.005 0.001 0.004 0.00180340978914462
"476" 0 0.001 0.002 0.000468021794485018
"477" 0 0 0.002 2.20046038944544e-05
"478" 0.038 0.029 0.029 0.0311848535933344
"479" 0.003 0.005 0.006 0.00164910003592889
"480" 0.044 0.039 0.047 0.0359039798204681
"481" 0.001 0.004 0.005 0.00121314343599077
"482" 0.056 0.04 0.046 0.0488259119986864
"483" 0.023 0.019 0.025 0.0139709806939551
"484" 0.013 0.01 0.008 0.00721882383612116
"485" 0.138 0.14 0.132 0.167015555682279
"486" 0.014 0.013 0.014 0.0131381489266741
"487" 0.016 0.028 0.033 0.0149466938126469
"488" 0 0 0.001 1.08269154556195e-05
"489" 0.001 0.005 0.006 0.0015184666233764
"490" 0.182 0.185 0.204 0.222990584375487
"491" 0.043 0.031 0.051 0.0365724856711789
"492" 0.004 0.004 0.008 0.00163758678126968
"493" 0 0 0 4.09594978966199e-05
"494" 0.001 0.008 0.004 0.0024838711225168
"495" 0.009 0.007 0.015 0.00935447826946811
"496" 0.001 0.003 0.002 0.00108985930235495
"497" 0.003 0.006 0.008 0.00235417512763547
"498" 0.054 0.064 0.057 0.0536589487925803
"499" 0 0 0.001 7.95601801328871e-07
"500" 0.097 0.087 0.099 0.0932939637501982
"501" 0 0 0.002 4.3353198674545e-05
"502" 0.006 0.006 0.012 0.00484375778966806
"503" 0 0.002 0.002 0.000468926481677956
"504" 0 0 0 3.09021072231186e-06
"505" 0 0 0 6.90800284752768e-08
"506" 0.002 0.004 0.006 0.00281601403729936
"507" 0.037 0.032 0.041 0.0294407875494034
"508" 0.022 0.015 0.034 0.0196253422041163
"509" 0.276 0.294 0.271 0.308912298899827
"510" 0 0 0 2.15832340413336e-05
"511" 0.128 0.105 0.116 0.120152825410337
"512" 0.007 0.006 0.017 0.00537551431038985
"513" 0.041 0.043 0.049 0.0435791678383863
"514" 0.003 0.004 0.005 0.00296591778940036
"515" 0 0 0 1.06440383929041e-06
"516" 0.007 0.009 0.014 0.00765471856201594
"517" 0.006 0.004 0.009 0.00377863133274514
"518" 0 0 0 4.17548367525056e-05
"519" 0.067 0.059 0.089 0.0783274853022347
"520" 0 0 0 2.17142509042478e-05
"521" 0.014 0.013 0.023 0.0117680220505485
"522" 0.001 0.003 0.01 0.00229108495154118
"523" 0.049 0.056 0.057 0.0514649313499882
"524" 0.001 0.001 0.006 0.000656028652364027
"525" 0.001 0 0.005 0.000641099701372605
"526" 0.038 0.037 0.044 0.0310827299272339
"527" 0 0.001 0.007 0.0008650795817019
"528" 0 0 0 7.99884729563161e-08
"529" 0.112 0.111 0.113 0.122451637927013
"530" 0.072 0.071 0.08 0.089676203966816
"531" 0.001 0.002 0.001 0.0002385638239909
"532" 0 0 0 2.29360974657311e-12
"533" 0.033 0.033 0.036 0.0290118695323963
"534" 0.039 0.045 0.038 0.0425865792342235
"535" 0.056 0.059 0.075 0.0653777545259916
"536" 0.264 0.293 0.307 0.309869001981934
"537" 0 0 0 2.01845509195664e-08
"538" 0.001 0.001 0.001 0.000210601149849277
"539" 0.029 0.041 0.039 0.0296091971003233
"540" 0.08 0.07 0.082 0.0820540472432031
"541" 0.003 0.003 0.002 0.000499149149839395
"542" 0.06 0.051 0.063 0.0643485403072718
"543" 0 0.004 0.003 0.000641463455365643
"544" 0.073 0.06 0.075 0.0703943270644103
"545" 0.002 0 0.002 0.000158713733697358
"546" 0.058 0.073 0.068 0.0716333628733401
"547" 0 0 0 5.40983669742312e-05
"548" 0.034 0.029 0.032 0.027516999026464
"549" 0 0 0 3.66148925623477e-08
"550" 0.018 0.021 0.018 0.01097843721926
"551" 0.095 0.087 0.086 0.0896479478131669
"552" 0.002 0 0.002 0.000698745085904284
"553" 0.002 0.001 0.004 0.00120388416812767
"554" 0 0 0 1.83555112998057e-07
"555" 0.018 0.014 0.021 0.0095242968731587
"556" 0.001 0 0.001 5.26717915377839e-05
"557" 0.185 0.204 0.202 0.219099739125308
"558" 0.002 0.005 0.004 0.00179145289315141
"559" 0.022 0.024 0.021 0.0193248485715555
"560" 0.009 0.005 0.015 0.00552096145345315
"561" 0 0 0.002 3.3563202649356e-06
"562" 0.001 0 0 2.68436680045392e-05
"563" 0.001 0 0.001 0.000124624672345974
"564" 0.001 0.001 0.003 0.00142458732393236
"565" 0 0 0 0.000108325248726282
"566" 0.001 0.001 0.002 0.000205313476633218
"567" 0 0 0.001 1.30019106814316e-07
"568" 0.008 0.003 0.001 0.0015335842554145
"569" 0.007 0.014 0.015 0.00667877089802715
"570" 0.062 0.048 0.043 0.0523272247441968
"571" 0 0 0.001 1.43308256209673e-05
"572" 0.002 0.005 0.005 0.00115113751194984
"573" 0 0 0.001 4.02346042460699e-06
"574" 0.05 0.061 0.07 0.0562719279504966
"575" 0.183 0.185 0.177 0.205906036276963
"576" 0.041 0.039 0.052 0.0502420461394225
"577" 0 0 0.001 8.41137328255748e-05
"578" 0.013 0.022 0.032 0.0183647988645598
"579" 0.001 0.002 0.003 0.0004037085604508
"580" 0.004 0.003 0.007 0.00134949574485632
"581" 0 0 0.001 3.05432158409502e-06
"582" 0.004 0.011 0.01 0.00515814062287989
"583" 0.016 0.018 0.024 0.0139760532970756
"584" 0.105 0.09 0.091 0.099032189617082
"585" 0.133 0.151 0.166 0.162955817964906
"586" 0.005 0.002 0.014 0.00352852089557898
"587" 0.01 0.006 0.019 0.00761122541429882
"588" 0.002 0.001 0.001 0.000479005826820034
"589" 0.001 0.005 0.004 0.00196919645449034
"590" 0.001 0 0 8.92415223932019e-05
"591" 0.009 0.01 0.026 0.00927477726589121
"592" 0.015 0.013 0.021 0.0117340594764322
"593" 0.008 0.006 0.013 0.0070425023835623
"594" 0 0 0.002 0.000140118187324179
"595" 0.005 0.002 0.008 0.00312513040311735
"596" 0.083 0.07 0.082 0.0823966260778388
"597" 0.005 0.007 0.005 0.00316478928487252
"598" 0.003 0.002 0.002 0.00108272371420293
"599" 0 0 0 1.15897092397566e-05
"600" 0.006 0.013 0.013 0.00805285079075468
"601" 0.028 0.038 0.031 0.0282844092489825
"602" 0.025 0.021 0.024 0.0205137075445676
"603" 0.068 0.052 0.092 0.0757148039848059
"604" 0.004 0.003 0.004 0.00159321220149855
"605" 0 0 0.001 0.000140758851988942
"606" 0.187 0.165 0.162 0.20444322700485
"607" 0.035 0.033 0.03 0.0233812034229888
"608" 0.003 0 0.004 0.000528107153772939
"609" 0 0 0 6.61369221610641e-07
"610" 0.035 0.03 0.028 0.0303943436177855
"611" 0.064 0.061 0.082 0.0677503488438239
"612" 0.04 0.049 0.032 0.0363170797856592
"613" 0.002 0 0.001 2.29353913135943e-05
"614" 0 0.005 0.004 0.00127192823774491
"615" 0.008 0.011 0.013 0.0077582918202419
"616" 0 0 0.001 3.84005075818594e-05
"617" 0.28 0.29 0.3 0.346378838121368
"618" 0.001 0 0.002 4.21403531437603e-05
"619" 0.03 0.022 0.035 0.0269765083517788
"620" 0 0 0.001 2.66368376200532e-06
"621" 0.042 0.034 0.048 0.0375980258453503
"622" 0 0 0 1.93472034037967e-06
"623" 0.2 0.18 0.185 0.216555490723044
"624" 0.036 0.036 0.05 0.0348739152216129
"625" 0 0.001 0 5.15848791581286e-05
"626" 0.03 0.035 0.034 0.0356383147147326
"627" 0.015 0.013 0.014 0.0082459029205556
"628" 0 0 0 1.0227182978273e-07
"629" 0.018 0.016 0.014 0.0103724135063998
"630" 0.016 0.015 0.011 0.0126658462264164
"631" 0.001 0 0.002 0.000584957694918398
"632" 0.061 0.05 0.058 0.051663781304783
"633" 0.008 0.01 0.008 0.00542422227707795
"634" 0.001 0 0.001 0.000103242613915033
"635" 0.023 0.011 0.018 0.0122653360321984
"636" 0.312 0.281 0.301 0.322768996557162
"637" 0.026 0.017 0.02 0.0191918306328914
"638" 0.066 0.067 0.081 0.0601961932681535
"639" 0.004 0.005 0.008 0.00316404242317125
"640" 0 0 0 7.04872515722155e-06
"641" 0 0 0 1.62983375684433e-07
"642" 0.04 0.041 0.047 0.0434586923120043
"643" 0.095 0.083 0.09 0.096046434361047
"644" 0.021 0.016 0.015 0.0114487351850909
"645" 0.024 0.026 0.043 0.0286600283972339
"646" 0.145 0.157 0.138 0.173312704123939
"647" 0.083 0.075 0.103 0.0973889259036166
"648" 0 0 0 1.28945539474845e-05
"649" 0.06 0.044 0.058 0.0541415705493058
"650" 0.017 0.02 0.027 0.018686559064837
"651" 0.034 0.027 0.025 0.0287404190855248
"652" 0.001 0 0.004 0.000142685373256568
"653" 0 0 0 7.0208474575173e-06
"654" 0 0 0 5.44561618021078e-10
"655" 0.028 0.018 0.028 0.0200553478167912
"656" 0.011 0.006 0.007 0.00415270129311796
"657" 0.073 0.074 0.052 0.0603064910290945
"658" 0.182 0.204 0.2 0.227134683963137
"659" 0.104 0.099 0.111 0.111727444823176
"660" 0.015 0.022 0.026 0.0151781905072895
"661" 0 0.002 0 0.000114608404774508
"662" 0.037 0.048 0.053 0.0432001528812838
"663" 0.01 0.007 0.015 0.00851942513519677
"664" 0.007 0.005 0.007 0.00420850034828624
"665" 0.005 0.008 0.006 0.0040210520910664
"666" 0.009 0.007 0.012 0.00887803602805748
"667" 0.018 0.011 0.018 0.014415457314788
"668" 0.234 0.215 0.215 0.260299605149601
"669" 0.06 0.062 0.075 0.0605438808062273
"670" 0.027 0.035 0.025 0.0187345954820628
"671" 0 0 0 1.95562113747272e-06
"672" 0.062 0.079 0.069 0.0731776053052151
"673" 0.174 0.191 0.169 0.204365540018324
"674" 0.047 0.045 0.055 0.0471807885755412
"675" 0.024 0.033 0.028 0.0220699370893086
"676" 0.128 0.134 0.138 0.129175295308643
"677" 0.051 0.05 0.048 0.0527971546979717
"678" 0.002 0 0 6.87034734208058e-05
"679" 0.001 0.002 0.004 0.000496050088238942
"680" 0 0 0.001 9.41270655274717e-06
"681" 0.008 0.004 0.005 0.00442278592735845
"682" 0.004 0.002 0.007 0.00330351075311175
"683" 0.011 0.008 0.024 0.00972743615091742
"684" 0 0 0 4.248747065283e-07
"685" 0.005 0.013 0.009 0.00372972164606677
"686" 0.002 0.002 0.006 0.00130042752027293
"687" 0.198 0.196 0.185 0.217228023511647
"688" 0.011 0.022 0.027 0.0164145733085215
"689" 0 0.001 0.003 0.000261459916587103
"690" 0.008 0.01 0.01 0.00426897385465574
"691" 0.003 0.004 0.008 0.00214207214858542
"692" 0.032 0.031 0.041 0.032985555431749
"693" 0 0 0 1.2758957834702e-07
"694" 0.022 0.026 0.031 0.0234634955377316
"695" 0.215 0.263 0.227 0.265386522671949
"696" 0.027 0.017 0.032 0.0225453886423891
"697" 0.002 0 0.001 0.000378226361066436
"698" 0.091 0.07 0.09 0.0934564380440465
"699" 0 0 0.001 2.84941157679963e-06
"700" 0 0.002 0 0.000510631978188014
"701" 0.207 0.244 0.25 0.269244120716143
"702" 0.275 0.253 0.275 0.288935686746704
"703" 0.014 0.006 0.012 0.00690226579291831
"704" 0 0 0 6.85687040480332e-08
"705" 0.002 0 0.001 0.000992083528317145
"706" 0.006 0.006 0.003 0.00207387071102771
"707" 0.001 0.001 0.005 0.000847394564807979
"708" 0 0 0 5.776177663952e-07
"709" 0.002 0.001 0.003 0.00072628606767311
"710" 0.091 0.119 0.103 0.0991171020191727
"711" 0 0 0.001 7.087795078764e-05
"712" 0.008 0.005 0.007 0.00260387141745877
"713" 0.031 0.026 0.031 0.0258141796666165
"714" 0.071 0.074 0.06 0.0730841119713251
"715" 0.005 0.011 0.014 0.00486851992752535
"716" 0.061 0.066 0.074 0.0655276405809756
"717" 0.006 0.004 0.004 0.00263496852918854
"718" 0.05 0.065 0.049 0.0502109733631446
"719" 0.048 0.039 0.058 0.0484447024359972
"720" 0.017 0.018 0.021 0.0134449577019341
"721" 0.006 0.001 0.003 0.00304136675225397
"722" 0.006 0.001 0.009 0.00363122580496744
"723" 0 0.001 0.001 5.77232828128382e-05
"724" 0.007 0.01 0.009 0.00337443656306735
"725" 0.001 0.004 0.004 0.000295049959406324
"726" 0.001 0 0.006 0.00058308372377569
"727" 0.008 0.006 0.013 0.00327079217830395
"728" 0.001 0.005 0.01 0.00189037911983814
"729" 0.002 0 0.001 0.000148503381911747
"730" 0 0 0 4.46809256260394e-12
"731" 0 0 0 2.0232836821843e-05
"732" 0.004 0.001 0.004 0.00128264304996217
"733" 0 0 0 9.92211868222626e-10
"734" 0.054 0.049 0.073 0.0526792911754421
"735" 0.092 0.09 0.091 0.100447049633368
"736" 0 0 0 2.88361054867625e-06
"737" 0.018 0.024 0.025 0.0171882441648767
"738" 0.034 0.031 0.037 0.0339175182470601
"739" 0.106 0.092 0.107 0.103765205705538
"740" 0.13 0.129 0.135 0.139126800117675
"741" 0 0.001 0 1.47349882134717e-05
"742" 0.002 0.005 0.009 0.00282291587972838
"743" 0.002 0 0.008 0.000929246890669422
"744" 0.009 0.003 0.009 0.00310492497298509
"745" 0.035 0.037 0.048 0.03848910864521
"746" 0 0 0.002 6.40076388130906e-05
"747" 0 0 0.001 7.87890150133475e-06
"748" 0.021 0.015 0.021 0.0133896645005456
"749" 0.067 0.06 0.049 0.063057893524648
"750" 0.013 0.012 0.013 0.00822818239446355
"751" 0.002 0 0 0.000351191167687004
"752" 0.05 0.055 0.063 0.0509984841750288
"753" 0.016 0.019 0.021 0.0163244808940382
"754" 0.216 0.242 0.218 0.253339186982878
"755" 0 0 0 0.000136117065862362
"756" 0.002 0.002 0.004 0.00104249843445081
"757" 0 0.009 0.012 0.00307154050635328
"758" 0.486 0.484 0.502 0.502679448478002
"759" 0 0 0 1.72316569579944e-06
"760" 0.002 0.001 0.002 0.000290351641796804
"761" 0 0 0 0.000265357046177361
"762" 0 0 0 1.8006374169488e-10
"763" 0.015 0.012 0.018 0.0126333076773987
"764" 0 0.002 0.003 0.000496517067330116
"765" 0.001 0.001 0.001 0.000119768932734132
"766" 0.032 0.034 0.04 0.0442481121925135
"767" 0.026 0.021 0.029 0.0202565347972563
"768" 0.454 0.446 0.464 0.481165776793032
"769" 0 0.001 0.002 0.000215122821958791
"770" 0.012 0.007 0.01 0.00582378939723271
"771" 0.003 0.004 0.003 0.00118138770405818
"772" 0.058 0.062 0.069 0.0614906761759656
"773" 0 0 0.001 5.14714037502806e-07
"774" 0 0 0 6.09364876003049e-07
"775" 0.237 0.232 0.244 0.263523618880025
"776" 0.289 0.267 0.309 0.318796362532228
"777" 0 0 0.003 0.000299915337166556
"778" 0.033 0.035 0.027 0.026393703978462
"779" 0.015 0.009 0.011 0.00559662299786401
"780" 0 0 0.001 2.78054548249473e-05
"781" 0 0 0 2.25525678612115e-05
"782" 0 0 0 6.66212358979568e-06
"783" 0.035 0.04 0.041 0.0347379414517616
"784" 0.036 0.031 0.05 0.0352143809010003
"785" 0.003 0.005 0.009 0.00201827532419341
"786" 0 0 0.001 1.01765998656855e-05
"787" 0.025 0.021 0.018 0.0158269287464335
"788" 0 0 0 1.5815699641597e-05
"789" 0.007 0.012 0.012 0.0062941816284221
"790" 0.044 0.046 0.051 0.0448208033955448
"791" 0.011 0.007 0.013 0.00696603514751137
"792" 0.017 0.022 0.021 0.0137178606812172
"793" 0.003 0.007 0.014 0.00618069307964986
"794" 0.021 0.015 0.031 0.0162112553099734
"795" 0.028 0.035 0.024 0.0291679433282147
"796" 0.008 0.012 0.014 0.0085774040380161
"797" 0 0 0 2.74696294818577e-05
"798" 0.087 0.076 0.074 0.0768930826847642
"799" 0.037 0.046 0.038 0.041490136544024
"800" 0.006 0.005 0.01 0.00330723316438164
"801" 0.001 0.002 0.002 0.000263135715712348
"802" 0.008 0.01 0.008 0.0039272441656546
"803" 0 0 0 6.27513596640483e-11
"804" 0.018 0.029 0.029 0.0216814474321868
"805" 0.041 0.045 0.044 0.0339816933504877
"806" 0 0 0.002 1.65708017112465e-05
"807" 0 0 0.006 0.00109162048969358
"808" 0.01 0.007 0.011 0.00479703890960415
"809" 0.001 0 0.002 0.000118243718560285
"810" 0.002 0.003 0.001 0.000713131152060065
"811" 0.006 0.004 0.012 0.0040417417293459
"812" 0.024 0.028 0.042 0.0294858478002477
"813" 0 0 0 4.28002078223244e-12
"814" 0.036 0.036 0.04 0.0345436174298832
"815" 0 0 0 1.10338776937446e-06
"816" 0.23 0.225 0.229 0.285586690428249
"817" 0.005 0.007 0.006 0.00234266852062481
"818" 0.025 0.029 0.034 0.0244012230783287
"819" 0.003 0 0.003 0.000731480543014196
"820" 0 0 0.002 4.16509398094567e-05
"821" 0.103 0.098 0.126 0.11991035984115
"822" 0.011 0.013 0.019 0.00985385178815157
"823" 0.006 0.004 0.009 0.00330957334944137
"824" 0 0 0 2.15271030712394e-06
"825" 0.05 0.052 0.053 0.0486576569220627
"826" 0.277 0.29 0.283 0.3176568030071
"827" 0.042 0.041 0.047 0.045183969636426
"828" 0.001 0.002 0.002 0.0004013408529141
"829" 0.07 0.079 0.092 0.0872430419780054
"830" 0 0 0.001 0.000319251729350101
"831" 0 0.001 0.005 0.000922378939367863
"832" 0 0.002 0.001 7.8400322850225e-05
"833" 0.277 0.27 0.299 0.303064793915792
"834" 0.001 0.001 0.001 0.000126583536978586
"835" 0.001 0.002 0.006 0.000789678620723544
"836" 0 0 0.001 1.95143390911978e-05
"837" 0.026 0.016 0.028 0.021456559264712
"838" 0 0 0 9.28957617829518e-07
"839" 0.048 0.056 0.055 0.0455729400677122
"840" 0.006 0.005 0.011 0.00322549178238274
"841" 0 0 0 2.76842022639556e-08
"842" 0 0 0 5.61783534824833e-06
"843" 0.006 0.003 0.011 0.00277120036251055
"844" 0.001 0.002 0.004 0.000500156663483686
"845" 0.001 0 0 3.39255059828014e-05
"846" 0.074 0.068 0.077 0.0771522693103679
"847" 0 0 0 4.42978986825437e-13
"848" 0.03 0.025 0.041 0.0303686415148521
"849" 0 0 0 4.0632223541337e-07
"850" 0.094 0.075 0.104 0.099664910462407
"851" 0.082 0.079 0.089 0.100047942479287
"852" 0.105 0.098 0.101 0.110847073580776
"853" 0.186 0.179 0.17 0.196763320042309
"854" 0.012 0.011 0.018 0.00678122335497999
"855" 0.006 0.009 0.007 0.00464111879167095
"856" 0.008 0.008 0.009 0.00385881675265476
"857" 0.004 0.004 0.009 0.001975547633144
"858" 0.001 0.003 0.003 0.00111842109413329
"859" 0.028 0.039 0.026 0.0266465806970428
"860" 0.537 0.559 0.559 0.551059455432682
"861" 0.003 0.008 0.006 0.00149122227134213
"862" 0 0 0.002 7.28427861143022e-05
"863" 0.004 0.011 0.013 0.003834946957609
"864" 0.151 0.125 0.164 0.170156203431737
"865" 0.009 0.014 0.012 0.00727056259055681
"866" 0.01 0.01 0.013 0.00851722473192951
"867" 0.012 0.025 0.014 0.0186178293679612
"868" 0.004 0.002 0.006 0.00181848883976343
"869" 0.129 0.136 0.136 0.16385983734579
"870" 0.151 0.136 0.147 0.168904911889711
"871" 0 0 0 5.41944267240524e-12
"872" 0.002 0.002 0 0.000643966928418283
"873" 0.078 0.072 0.096 0.0909296738199918
"874" 0.124 0.126 0.132 0.144433455688489
"875" 0.038 0.037 0.052 0.0405832425880818
"876" 0.048 0.053 0.062 0.0552473114104013
"877" 0.027 0.027 0.02 0.0185407533491099
"878" 0.001 0.006 0.003 0.00288993924072223
"879" 0.002 0.001 0.003 0.000635238058346088
"880" 0.004 0.003 0.007 0.00176287087127613
"881" 0.049 0.041 0.062 0.0437638100372097
"882" 0.006 0.01 0.008 0.00340146820061749
"883" 0.036 0.039 0.039 0.0329502366412556
"884" 0.013 0.013 0.02 0.0148647706412794
"885" 0.07 0.071 0.079 0.0684512519858307
"886" 0.011 0.007 0.013 0.00580025281021657
"887" 0.055 0.032 0.041 0.0380747801013095
"888" 0.026 0.018 0.023 0.0240120594424036
"889" 0.043 0.043 0.056 0.049084665884895
"890" 0.146 0.15 0.136 0.172239584536284
"891" 0.064 0.075 0.073 0.066621430537925
"892" 0.036 0.049 0.045 0.0359155273239968
"893" 0 0 0.001 4.24628132528193e-05
"894" 0.058 0.051 0.051 0.0527926004924322
"895" 0.002 0.004 0.005 0.00117166095593102
"896" 0.049 0.036 0.037 0.0371111502470114
"897" 0.622 0.613 0.641 0.607532474672306
"898" 0.005 0.001 0.002 0.00107015723786663
"899" 0.064 0.057 0.079 0.0671690069600975
"900" 0.004 0.001 0.006 0.000590737461506174
"901" 0.011 0.021 0.018 0.0109136409871115
"902" 0.004 0 0.003 0.00170277378309813
"903" 0.001 0.006 0.008 0.00213284553894744
"904" 0.049 0.048 0.058 0.0482815126586825
"905" 0 0.001 0.001 0.000344903455416046
"906" 0 0 0 2.01915756525839e-05
"907" 0 0 0 8.05407828663451e-06
"908" 0.001 0.001 0 0.000281237616266528
"909" 0.165 0.167 0.171 0.196520702350932
"910" 0.007 0.009 0.019 0.0130118157531938
"911" 0 0 0 7.13105981431372e-06
"912" 0.002 0.001 0.003 0.0014113798147265
"913" 0 0.001 0 0.000196451072899451
"914" 0 0 0.002 0.00014663284227634
"915" 0.001 0.001 0.002 0.000140647864561694
"916" 0 0.001 0 3.6546661604131e-05
"917" 0.011 0.008 0.016 0.00602808265488941
"918" 0.004 0.003 0.007 0.00196708197472362
"919" 0.002 0.004 0.005 0.00168665457307826
"920" 0 0.002 0.005 0.0016761773212316
"921" 0.051 0.048 0.059 0.0521729714794752
"922" 0.005 0.012 0.007 0.00624233172078459
"923" 0.005 0.002 0.008 0.00183367349224939
"924" 0.04 0.061 0.055 0.0467354106013396
"925" 0.228 0.194 0.236 0.245574589595627
"926" 0.026 0.033 0.028 0.0236336867070648
"927" 0.017 0.012 0.015 0.00980412842711897
"928" 0.017 0.019 0.014 0.0125288728085082
"929" 0.005 0.004 0.002 0.00177119035971929
"930" 0.013 0.012 0.019 0.0107955694069689
"931" 0.181 0.174 0.179 0.205839674902026
"932" 0.061 0.076 0.072 0.0659896096871222
"933" 0.01 0.021 0.014 0.0153125167042131
"934" 0.001 0 0 0.000118523412382832
"935" 0 0 0 4.38403020075473e-06
"936" 0.002 0.005 0.005 0.00105474720945253
"937" 0.001 0 0 0.000178870856326396
"938" 0.038 0.027 0.039 0.0282600212894201
"939" 0.152 0.153 0.189 0.177650498199881
"940" 0.006 0.016 0.015 0.00562758729795254
"941" 0 0 0 4.30012170204996e-07
"942" 0 0 0 1.27982342501554e-07
"943" 0.003 0.01 0.007 0.00288250277598745
"944" 0.002 0 0 3.70973607012326e-05
"945" 0.003 0.013 0.008 0.0041361229249256
"946" 0 0 0 1.03419330886867e-05
"947" 0 0 0 1.08639158546975e-06
"948" 0 0 0 2.65897536710913e-06
"949" 0.252 0.262 0.249 0.268821234497451
"950" 0.013 0.012 0.014 0.00791306984731877
"951" 0 0.001 0.001 3.7494010362904e-05
"952" 0 0 0 4.36982405815911e-09
"953" 0.005 0.009 0.007 0.00281345278690659
"954" 0.071 0.059 0.075 0.0695828445711066
"955" 0 0 0 1.24149455171807e-06
"956" 0 0 0 2.27484697745695e-11
"957" 0.009 0.009 0.01 0.00750873366208649
"958" 0.091 0.073 0.076 0.0864903249101258
"959" 0.169 0.166 0.173 0.196821292043353
"960" 0 0 0.001 1.1401319980342e-05
"961" 0.013 0.019 0.019 0.0165680348030919
"962" 0.093 0.084 0.107 0.104588984251096
"963" 0.017 0.021 0.021 0.0155372441408785
"964" 0.004 0.006 0.004 0.00148098259575014
"965" 0.032 0.031 0.025 0.0245789199313384
"966" 0.07 0.078 0.082 0.0901284020400992
"967" 0.002 0.002 0 0.000392587485476437
"968" 0.01 0.01 0.016 0.00436738590741959
"969" 0.115 0.107 0.115 0.128321233124
"970" 0.006 0.006 0.004 0.00329585108793051
"971" 0 0 0 2.3454427942049e-06
"972" 0.004 0.003 0.006 0.00222705646669086
"973" 0.066 0.073 0.055 0.0743691271011869
"974" 0.016 0.016 0.017 0.012100238724332
"975" 0 0 0 5.12070282721044e-06
"976" 0.003 0.005 0.015 0.00271312395711132
"977" 0 0.001 0.001 0.00044436122980962
"978" 0.034 0.046 0.048 0.035972050614399
"979" 0 0 0.002 0.000185504579672369
"980" 0.001 0.001 0.001 0.000177113944688001
"981" 0 0.001 0.002 0.000304764286863102
"982" 0.359 0.349 0.375 0.389419995968343
"983" 0.003 0.003 0.007 0.00150924920409412
"984" 0.016 0.01 0.018 0.00871230575121651
"985" 0.082 0.092 0.097 0.0942882183620731
"986" 0.115 0.121 0.12 0.141753782229873
"987" 0 0 0 1.56991718514021e-08
"988" 0 0 0 2.22702308696476e-05
"989" 0.049 0.032 0.031 0.0312961467579173
"990" 0.001 0 0 0.000203987908603431
"991" 0.101 0.101 0.092 0.105665348995408
"992" 0.008 0.006 0.009 0.00446106383330525
"993" 0.028 0.038 0.029 0.0280534250558979
"994" 0.004 0.007 0.015 0.00553076424214061
"995" 0.025 0.034 0.036 0.0307459979439516
"996" 0 0 0 1.1785988873747e-07
"997" 0.123 0.106 0.089 0.115394268622569
"998" 0.002 0.001 0.001 0.00130271506515345
"999" 0.034 0.037 0.034 0.027680330898264
"1000" 0.109 0.113 0.131 0.131023921124509
